有10个需求用户
各自的用电要求分别是[82.56, 18.6, 16.93, 69.76, 2.17, 48.22, 42.81, 93.61, 28.38, 73.17]
各自的权重分别是[7.71, 9.61, 3.45, 5.4, 6.95, 7.79, 3.68, 7.37, 5.0, 3.42]
有10个供电用户
各自的最大供电量分别是[16.45, 63.99, 40.71, 59.72, 68.76, 80.39, 35.88, 0, 76.87, 89.24]
总供电量是55.8
总需电量是476.21
最后每个需求用户得到的电量为[82.56, 18.6, 16.93, 69.76, 2.17, 48.22, 42.81, 93.61, 28.38, 73.17]

有15个需求用户
各自的用电要求分别是[5.39, 36.74, 94.71, 2.07, 45.04, 90.09, 42.18, 58.44, 61.37, 59.91, 21.49, 9.54, 42.83, 85.56, 68.86]
各自的权重分别是[7.49, 2.46, 9.03, 2.51, 6.46, 9.86, 9.63, 7.6, 4.99, 7.48, 3.2, 9.49, 0.83, 1.26, 6.7]
有5个供电用户
各自的最大供电量分别是[100.62, 117.92, 150.63, 64.48, 72.67]
总供电量是0
总需电量是724.22
最后每个需求用户得到的电量为[5.39, 18.65, 68.45, 2.07, 45.04, 74.74, 42.18, 57.61, 37.83, 56.71, 21.49, 9.54, 6.29, 9.55, 50.79]

有12个需求用户
各自的用电要求分别是[18.57, 10.11, 8.85, 42.38, 63.67, 94.44, 20.48, 15.15, 24.17, 62.96, 86.09, 89.69]
各自的权重分别是[6.11, 1.44, 4.9, 5.98, 6.81, 6.93, 4.67, 0.33, 9.94, 0.22, 7.79, 6.46]
有8个供电用户
各自的最大供电量分别是[75.24, 62.6, 48.84, 25.54, 13.76, 88.81, 79.07, 65.31]
总供电量是0
总需电量是536.56
最后每个需求用户得到的电量为[18.57, 10.11, 8.85, 42.38, 63.67, 91.9, 20.48, 4.38, 24.17, 2.92, 86.09, 85.67]

有9个需求用户
各自的用电要求分别是[45.12, 81.9, 0.74, 79.3, 26.3, 83.87, 63.57, 56.41, 36.95]
各自的权重分别是[7.07, 1.95, 0.99, 2.17, 4.43, 0.67, 1.29, 7.9, 1.57]
有11个供电用户
各自的最大供电量分别是[10.56, 4.1, 34.81, 5.55, 62.46, 2.83, 31.36, 67.14, 71.18, 95.58, 24.21]
总供电量是0
总需电量是474.16
最后每个需求用户得到的电量为[45.12, 81.9, 0.74, 79.3, 26.3, 28.39, 54.66, 56.41, 36.95]

有15个需求用户
各自的用电要求分别是[89.23, 17.22, 35.81, 61.91, 98.4, 52.05, 74.49, 45.11, 45.32, 31.03, 56.69, 8.69, 2.86, 11.31, 19.88]
各自的权重分别是[7.23, 8.71, 4.95, 6.99, 9.96, 5.6, 0.53, 0.1, 5.16, 3.0, 4.76, 9.24, 5.64, 4.56, 9.54]
有5个供电用户
各自的最大供电量分别是[125.83, 109.35, 61.17, 72.41, 61.66]
总供电量是0
总需电量是650.0
最后每个需求用户得到的电量为[55.84, 17.22, 35.81, 53.99, 76.93, 43.25, 4.09, 0.78, 39.85, 23.17, 36.76, 8.69, 2.86, 11.31, 19.88]

有9个需求用户
各自的用电要求分别是[92.49, 0.27, 48.67, 95.65, 19.82, 66.23, 38.01, 84.77, 0.09]
各自的权重分别是[1.2, 0.13, 8.34, 2.79, 5.63, 0.97, 0.0, 5.27, 2.0]
有11个供电用户
各自的最大供电量分别是[14.35, 13.05, 28.68, 57.23, 65.01, 17.15, 52.62, 56.13, 12.32, 6.14, 23.8]
总供电量是0
总需电量是446.0
最后每个需求用户得到的电量为[53.77, 0.27, 48.67, 95.65, 19.82, 43.45, 0.0, 84.77, 0.09]

有8个需求用户
各自的用电要求分别是[40.01, 65.73, 65.6, 38.74, 70.93, 62.02, 41.24, 90.73]
各自的权重分别是[2.31, 3.1, 4.57, 5.95, 9.98, 3.42, 3.1, 6.39]
有12个供电用户
各自的最大供电量分别是[10.12, 89.1, 44.84, 11.04, 0.1, 19.38, 27.38, 88.84, 24.56, 66.82, 24.75, 28.62]
总供电量是0
总需电量是475.0
最后每个需求用户得到的电量为[33.57, 45.04, 65.6, 38.74, 70.93, 49.7, 41.24, 90.73]

有11个需求用户
各自的用电要求分别是[95.34, 74.47, 2.64, 69.18, 48.62, 86.65, 19.5, 66.8, 80.17, 85.41, 62.09]
各自的权重分别是[9.05, 2.53, 6.28, 6.05, 1.63, 0.67, 1.52, 6.05, 3.24, 2.45, 0.16]
有9个供电用户
各自的最大供电量分别是[78.47, 40.35, 70.42, 27.79, 24.42, 29.46, 56.3, 76.52, 96.56]
总供电量是0
总需电量是690.87
最后每个需求用户得到的电量为[95.34, 58.47, 2.64, 69.18, 37.68, 15.49, 19.5, 66.8, 74.88, 56.63, 3.7]

有9个需求用户
各自的用电要求分别是[66.8, 99.59, 45.85, 7.52, 96.69, 40.9, 66.95, 59.75, 11.19]
各自的权重分别是[4.46, 6.36, 1.59, 2.95, 1.04, 5.93, 3.31, 9.98, 7.0]
有11个供电用户
各自的最大供电量分别是[69.21, 38.63, 26.03, 46.5, 78.55, 15.43, 60.48, 86.83, 28.27, 73.22, 23.39]
总供电量是51.3
总需电量是495.24
最后每个需求用户得到的电量为[66.8, 99.59, 45.85, 7.52, 96.69, 40.9, 66.95, 59.75, 11.19]

有11个需求用户
各自的用电要求分别是[18.46, 4.81, 48.7, 65.39, 51.82, 89.95, 5.16, 0.96, 37.17, 91.66, 47.98]
各自的权重分别是[2.77, 5.04, 8.64, 8.08, 4.49, 0.21, 8.35, 4.19, 8.77, 6.56, 5.01]
有9个供电用户
各自的最大供电量分别是[71.21, 42.13, 18.3, 40.56, 12.85, 61.43, 51.22, 48.72, 7.92]
总供电量是0
总需电量是462.06
最后每个需求用户得到的电量为[18.46, 4.81, 48.7, 65.39, 50.12, 2.35, 5.16, 0.96, 37.17, 73.23, 47.98]

有10个需求用户
各自的用电要求分别是[18.25, 31.38, 80.95, 15.13, 65.45, 77.61, 35.69, 41.56, 17.55, 48.18]
各自的权重分别是[0.83, 8.41, 7.48, 1.01, 7.53, 1.09, 9.66, 7.4, 7.58, 1.94]
有10个供电用户
各自的最大供电量分别是[44.06, 67.8, 84.7, 22.12, 48.84, 56.2, 71.93, 25.56, 15.97, 7.12]
总供电量是12.55
总需电量是431.75
最后每个需求用户得到的电量为[18.25, 31.38, 80.95, 15.13, 65.45, 77.61, 35.69, 41.56, 17.55, 48.18]

有13个需求用户
各自的用电要求分别是[12.74, 29.38, 0.24, 94.76, 78.4, 96.76, 23.57, 83.92, 34.43, 65.66, 95.15, 63.86, 5.8]
各自的权重分别是[5.25, 2.81, 2.32, 4.03, 5.44, 9.12, 1.73, 9.19, 8.67, 5.0, 5.85, 5.67, 3.6]
有7个供电用户
各自的最大供电量分别是[78.71, 78.46, 37.24, 56.26, 84.99, 75.9, 84.35]
总供电量是0
总需电量是684.67
最后每个需求用户得到的电量为[12.74, 25.47, 0.24, 36.53, 49.31, 82.66, 15.68, 83.3, 34.43, 45.32, 53.02, 51.39, 5.8]

有14个需求用户
各自的用电要求分别是[35.56, 4.01, 88.51, 26.11, 31.48, 13.45, 50.21, 63.54, 31.45, 18.53, 46.45, 12.67, 22.74, 74.43]
各自的权重分别是[8.5, 2.63, 4.31, 2.25, 4.95, 6.97, 9.2, 6.01, 0.66, 3.98, 8.44, 3.57, 2.2, 8.03]
有6个供电用户
各自的最大供电量分别是[90.89, 46.46, 79.28, 92.45, 77.19, 70.52]
总供电量是0
总需电量是519.14
最后每个需求用户得到的电量为[35.56, 4.01, 49.99, 26.09, 31.48, 13.45, 50.21, 63.54, 7.65, 18.53, 46.45, 12.67, 22.74, 74.43]

有13个需求用户
各自的用电要求分别是[5.79, 99.44, 96.42, 20.08, 46.45, 56.77, 45.83, 87.29, 6.58, 20.41, 28.79, 48.71, 93.53]
各自的权重分别是[2.55, 1.83, 1.02, 5.85, 9.41, 0.16, 0.27, 2.87, 4.88, 0.48, 3.71, 1.51, 4.09]
有7个供电用户
各自的最大供电量分别是[54.09, 132.13, 35.13, 81.83, 35.99, 52.91, 94.55]
总供电量是0
总需电量是656.09
最后每个需求用户得到的电量为[5.79, 72.71, 40.52, 20.08, 46.45, 6.36, 10.72, 87.29, 6.58, 19.08, 28.79, 48.71, 93.53]

有13个需求用户
各自的用电要求分别是[16.7, 33.74, 63.4, 33.69, 62.4, 90.68, 78.35, 38.3, 65.6, 23.32, 70.49, 64.33, 59.71]
各自的权重分别是[7.12, 2.16, 8.25, 4.36, 7.42, 9.54, 7.82, 4.05, 7.2, 0.98, 1.46, 6.91, 6.21]
有7个供电用户
各自的最大供电量分别是[74.24, 47.2, 101.13, 106.14, 56.61, 63.67, 84.56]
总供电量是0
总需电量是700.71
最后每个需求用户得到的电量为[16.7, 16.87, 63.4, 33.69, 57.94, 74.5, 61.06, 31.63, 56.23, 7.66, 11.4, 53.95, 48.5]

有13个需求用户
各自的用电要求分别是[88.9, 17.13, 30.79, 63.23, 25.24, 19.89, 71.1, 65.79, 72.76, 92.6, 66.0, 27.68, 30.82]
各自的权重分别是[4.72, 5.23, 4.82, 2.7, 4.92, 4.79, 5.1, 7.81, 9.83, 1.56, 1.99, 9.56, 6.74]
有7个供电用户
各自的最大供电量分别是[93.25, 97.1, 89.2, 91.25, 20.7, 60.57, 99.79]
总供电量是0
总需电量是671.93
最后每个需求用户得到的电量为[82.03, 17.13, 30.79, 46.93, 25.24, 19.89, 71.1, 65.79, 72.76, 27.11, 34.59, 27.68, 30.82]

有9个需求用户
各自的用电要求分别是[20.71, 40.27, 27.36, 52.2, 92.99, 94.11, 0.92, 28.38, 21.47]
各自的权重分别是[1.18, 3.87, 9.59, 3.35, 8.91, 6.29, 0.74, 2.53, 7.36]
有11个供电用户
各自的最大供电量分别是[38.82, 69.16, 70.53, 32.57, 22.94, 33.11, 9.53, 74.24, 26.28, 78.14, 54.06]
总供电量是130.98
总需电量是378.41
最后每个需求用户得到的电量为[20.71, 40.27, 27.36, 52.2, 92.99, 94.11, 0.92, 28.38, 21.47]

有11个需求用户
各自的用电要求分别是[19.74, 26.45, 49.64, 18.75, 24.63, 92.28, 23.53, 83.86, 7.02, 33.43, 3.22]
各自的权重分别是[4.55, 3.0, 6.66, 2.79, 1.63, 3.4, 7.75, 3.18, 8.61, 8.29, 4.38]
有9个供电用户
各自的最大供电量分别是[27.12, 53.24, 32.51, 31.18, 48.05, 89.7, 79.86, 70.88, 0]
总供电量是49.98
总需电量是382.55
最后每个需求用户得到的电量为[19.74, 26.45, 49.64, 18.75, 24.63, 92.28, 23.53, 83.86, 7.02, 33.43, 3.22]

有13个需求用户
各自的用电要求分别是[20.08, 85.77, 42.51, 92.33, 19.24, 65.36, 92.85, 12.82, 78.77, 29.81, 93.75, 80.86, 61.7]
各自的权重分别是[2.98, 6.08, 6.44, 5.02, 3.75, 1.35, 8.85, 4.16, 9.39, 1.44, 4.66, 5.89, 9.33]
有7个供电用户
各自的最大供电量分别是[99.73, 121.96, 80.07, 48.85, 44.87, 98.58, 101.36]
总供电量是0
总需电量是775.85
最后每个需求用户得到的电量为[20.08, 66.54, 42.51, 54.94, 19.24, 14.77, 92.85, 12.82, 78.77, 15.76, 51.0, 64.46, 61.7]

有10个需求用户
各自的用电要求分别是[99.38, 20.62, 31.12, 47.37, 22.35, 7.03, 30.37, 79.5, 81.59, 67.93]
各自的权重分别是[6.05, 6.55, 3.88, 4.06, 4.33, 4.85, 6.01, 8.47, 8.72, 5.61]
有10个供电用户
各自的最大供电量分别是[40.44, 41.02, 92.05, 41.97, 93.31, 92.69, 41.76, 0.1, 0.1, 35.21]
总供电量是0
总需电量是487.26
最后每个需求用户得到的电量为[90.77, 20.62, 31.12, 47.37, 22.35, 7.03, 30.37, 79.5, 81.59, 67.93]

有12个需求用户
各自的用电要求分别是[50.77, 85.23, 31.27, 37.74, 18.43, 98.18, 80.04, 42.68, 84.06, 74.17, 60.5, 0.4]
各自的权重分别是[5.18, 2.63, 0.41, 2.46, 5.29, 8.18, 0.96, 1.78, 9.68, 9.65, 5.27, 7.12]
有8个供电用户
各自的最大供电量分别是[91.91, 80.43, 47.1, 22.08, 49.1, 28.31, 95.73, 92.26]
总供电量是0
总需电量是663.47
最后每个需求用户得到的电量为[50.77, 38.44, 6.0, 35.95, 18.43, 98.18, 14.03, 26.02, 84.06, 74.17, 60.5, 0.4]

有12个需求用户
各自的用电要求分别是[27.61, 18.37, 0.51, 18.21, 42.86, 50.96, 35.15, 59.1, 42.78, 59.33, 66.5, 82.1]
各自的权重分别是[6.34, 6.53, 1.13, 3.16, 5.97, 6.04, 0.01, 6.72, 7.28, 6.71, 1.6, 8.39]
有8个供电用户
各自的最大供电量分别是[32.67, 21.46, 63.36, 16.46, 95.09, 64.37, 35.02, 57.59]
总供电量是0
总需电量是503.48
最后每个需求用户得到的电量为[27.61, 18.37, 0.51, 18.21, 42.86, 48.3, 0.07, 53.74, 42.78, 53.66, 12.79, 67.1]

有10个需求用户
各自的用电要求分别是[42.8, 81.74, 78.78, 45.43, 4.72, 38.34, 82.43, 32.48, 68.6, 23.97]
各自的权重分别是[7.77, 4.93, 9.59, 4.94, 3.94, 8.54, 3.64, 3.0, 3.97, 9.9]
有10个供电用户
各自的最大供电量分别是[51.89, 52.75, 68.31, 84.42, 17.55, 11.02, 23.63, 4.25, 75.93, 43.64]
总供电量是0
总需电量是499.29
最后每个需求用户得到的电量为[42.8, 65.61, 78.78, 45.43, 4.72, 38.34, 48.44, 32.48, 52.83, 23.97]

有14个需求用户
各自的用电要求分别是[38.7, 29.19, 38.37, 36.93, 37.97, 57.18, 32.8, 82.82, 92.15, 80.15, 7.42, 77.53, 48.26, 48.71]
各自的权重分别是[8.1, 9.53, 7.73, 6.14, 1.75, 6.89, 9.03, 7.67, 1.36, 3.9, 5.8, 9.64, 7.23, 5.11]
有6个供电用户
各自的最大供电量分别是[128.62, 62.9, 81.17, 53.82, 112.25, 79.4]
总供电量是0
总需电量是708.18
最后每个需求用户得到的电量为[38.7, 29.19, 38.37, 36.93, 13.8, 54.35, 32.8, 60.5, 10.72, 30.76, 7.42, 76.03, 48.26, 40.31]

有14个需求用户
各自的用电要求分别是[32.47, 30.92, 92.55, 40.58, 47.06, 41.16, 50.18, 27.09, 73.06, 10.44, 62.56, 74.74, 85.38, 89.21]
各自的权重分别是[7.02, 8.83, 1.59, 0.01, 7.26, 2.51, 9.92, 6.33, 8.82, 7.05, 2.67, 1.03, 5.36, 6.64]
有6个供电用户
各自的最大供电量分别是[91.9, 149.38, 80.31, 101.69, 58.05, 33.47]
总供电量是514.8
总需电量是757.4
最后每个需求用户得到的电量为[32.47, 30.92, 0.0, 0.0, 47.06, 41.16, 50.18, 27.09, 73.06, 10.44, 62.56, 0.0, 50.65, 89.21]

有13个需求用户
各自的用电要求分别是[26.4, 25.28, 32.49, 4.09, 82.59, 74.82, 94.34, 48.02, 48.77, 15.85, 52.52, 86.87, 66.76]
各自的权重分别是[0.72, 9.98, 5.72, 8.23, 0.22, 4.99, 0.73, 7.6, 6.72, 8.45, 4.48, 1.95, 4.67]
有7个供电用户
各自的最大供电量分别是[44.36, 108.55, 94.62, 56.69, 73.63, 65.97, 77.91]
总供电量是521.73
总需电量是658.8
最后每个需求用户得到的电量为[26.4, 25.28, 32.49, 4.09, 0.0, 74.82, 39.86, 48.02, 48.77, 15.85, 52.52, 86.87, 66.76]

有13个需求用户
各自的用电要求分别是[32.09, 68.76, 76.15, 31.51, 70.22, 86.8, 73.37, 20.8, 37.68, 85.23, 66.84, 31.69, 70.45]
各自的权重分别是[1.06, 0.42, 8.49, 9.19, 3.36, 4.22, 2.27, 2.5, 0.18, 2.19, 7.37, 8.91, 6.53]
有7个供电用户
各自的最大供电量分别是[90.19, 102.97, 48.43, 55.82, 47.49, 94.66, 107.29]
总供电量是546.85
总需电量是751.59
最后每个需求用户得到的电量为[32.09, 0.0, 76.15, 31.51, 70.22, 86.8, 60.3, 20.8, 0.0, 0.0, 66.84, 31.69, 70.45]

有15个需求用户
各自的用电要求分别是[98.14, 29.58, 54.63, 81.77, 56.32, 18.69, 77.99, 82.18, 80.53, 0.16, 74.15, 53.09, 38.93, 70.91, 89.02]
各自的权重分别是[6.48, 7.27, 5.5, 0.82, 1.98, 9.82, 7.54, 7.61, 6.92, 2.44, 5.38, 1.61, 2.78, 8.92, 5.51]
有5个供电用户
各自的最大供电量分别是[112.21, 164.11, 131.28, 86.7, 137.5]
总供电量是631.8
总需电量是906.09
最后每个需求用户得到的电量为[0.0, 29.58, 54.63, 0.0, 15.03, 18.69, 77.99, 82.18, 80.53, 0.16, 74.15, 0.0, 38.93, 70.91, 89.02]

有14个需求用户
各自的用电要求分别是[6.34, 58.65, 1.22, 59.85, 73.46, 39.2, 42.92, 69.57, 36.65, 62.58, 92.15, 20.11, 52.25, 11.03]
各自的权重分别是[3.0, 6.6, 5.59, 6.74, 0.97, 3.31, 9.11, 6.76, 3.55, 2.37, 5.98, 5.27, 3.3, 2.9]
有6个供电用户
各自的最大供电量分别是[97.23, 40.33, 48.66, 115.99, 102.9, 74.74]
总供电量是479.85
总需电量是625.98
最后每个需求用户得到的电量为[6.34, 58.65, 1.22, 59.85, 0.0, 39.2, 42.92, 69.57, 36.65, 0.0, 82.06, 20.11, 52.25, 11.03]

有8个需求用户
各自的用电要求分别是[7.99, 36.45, 44.09, 26.86, 20.71, 60.22, 0.72, 4.96]
各自的权重分别是[0.59, 7.08, 1.04, 9.26, 5.28, 9.06, 7.54, 4.55]
有12个供电用户
各自的最大供电量分别是[60.88, 0, 48.59, 28.8, 33.74, 0, 54.16, 24.15, 45.48, 47.82, 0, 20.32]
总供电量是363.94
总需电量是202.0
最后每个需求用户得到的电量为[7.99, 36.45, 44.09, 26.86, 20.71, 60.22, 0.72, 4.96]

有12个需求用户
各自的用电要求分别是[62.76, 86.84, 9.5, 93.45, 93.34, 44.25, 36.17, 89.98, 55.43, 15.43, 70.7, 44.05]
各自的权重分别是[7.63, 0.51, 5.51, 4.98, 0.38, 3.65, 5.86, 1.9, 4.69, 4.88, 7.37, 0.83]
有8个供电用户
各自的最大供电量分别是[44.12, 68.47, 29.24, 68.54, 76.54, 88.85, 104.45, 54.44]
总供电量是534.65
总需电量是701.9
最后每个需求用户得到的电量为[62.76, 12.93, 9.5, 93.45, 0.0, 44.25, 36.17, 89.98, 55.43, 15.43, 70.7, 44.05]

有9个需求用户
各自的用电要求分别是[37.56, 33.72, 97.12, 90.05, 21.56, 79.19, 46.72, 4.52, 43.74]
各自的权重分别是[6.83, 9.37, 6.92, 5.46, 7.87, 2.93, 5.93, 1.59, 5.72]
有11个供电用户
各自的最大供电量分别是[63.98, 72.72, 25.11, 31.19, 64.93, 10.16, 34.0, 8.41, 17.15, 7.32, 11.33]
总供电量是346.3
总需电量是454.18
最后每个需求用户得到的电量为[37.56, 33.72, 68.43, 90.05, 21.56, 0.0, 46.72, 4.52, 43.74]

有13个需求用户
各自的用电要求分别是[95.07, 52.75, 27.16, 17.66, 18.82, 10.22, 32.29, 23.43, 99.37, 39.24, 1.85, 0.31, 88.1]
各自的权重分别是[5.46, 5.95, 2.73, 0.95, 6.56, 0.41, 0.97, 6.78, 1.15, 5.99, 4.38, 4.25, 5.38]
有7个供电用户
各自的最大供电量分别是[77.23, 85.51, 57.05, 38.07, 104.86, 29.96, 9.08]
总供电量是401.76
总需电量是506.27
最后每个需求用户得到的电量为[95.07, 52.75, 27.16, 17.66, 18.82, 10.22, 27.15, 23.43, 0.0, 39.24, 1.85, 0.31, 88.1]

有8个需求用户
各自的用电要求分别是[12.39, 9.91, 68.12, 77.91, 42.97, 4.43, 93.89, 80.44]
各自的权重分别是[8.53, 0.48, 2.87, 9.53, 5.33, 9.03, 2.6, 7.94]
有12个供电用户
各自的最大供电量分别是[80.74, 4.7, 5.68, 41.28, 6.79, 0, 9.26, 71.89, 46.98, 13.55, 84.88, 80.93]
总供电量是446.68
总需电量是390.06
最后每个需求用户得到的电量为[12.39, 9.91, 68.12, 77.91, 42.97, 4.43, 93.89, 80.44]

有8个需求用户
各自的用电要求分别是[44.94, 34.48, 32.9, 46.9, 7.32, 78.2, 52.8, 7.77]
各自的权重分别是[9.5, 5.06, 3.83, 9.93, 2.26, 4.56, 3.28, 4.88]
有12个供电用户
各自的最大供电量分别是[50.56, 15.52, 20.5, 0, 3.34, 84.99, 48.54, 63.88, 22.7, 48.68, 0, 31.45]
总供电量是390.16
总需电量是305.31
最后每个需求用户得到的电量为[44.94, 34.48, 32.9, 46.9, 7.32, 78.2, 52.8, 7.77]

有11个需求用户
各自的用电要求分别是[66.05, 55.23, 58.87, 11.51, 31.76, 7.18, 90.35, 22.74, 47.56, 2.42, 75.89]
各自的权重分别是[7.78, 7.53, 6.23, 0.13, 5.13, 8.81, 2.53, 9.03, 0.59, 0.2, 1.35]
有9个供电用户
各自的最大供电量分别是[2.16, 56.84, 61.28, 60.56, 46.91, 76.49, 87.93, 51.52, 81.39]
总供电量是525.08
总需电量是469.56
最后每个需求用户得到的电量为[66.05, 55.23, 58.87, 11.51, 31.76, 7.18, 90.35, 22.74, 47.56, 2.42, 75.89]

有10个需求用户
各自的用电要求分别是[61.53, 97.13, 66.07, 60.97, 3.47, 7.57, 51.03, 59.35, 89.11, 66.67]
各自的权重分别是[7.65, 5.61, 8.31, 0.86, 9.28, 4.16, 7.88, 0.03, 5.19, 9.31]
有10个供电用户
各自的最大供电量分别是[86.1, 80.99, 52.43, 39.55, 59.26, 13.96, 27.42, 6.03, 10.74, 86.92]
总供电量是463.4
总需电量是562.9
最后每个需求用户得到的电量为[61.53, 97.13, 66.07, 20.82, 3.47, 7.57, 51.03, 0.0, 89.11, 66.67]

有12个需求用户
各自的用电要求分别是[61.58, 95.86, 26.26, 47.79, 79.8, 94.8, 83.58, 65.81, 16.01, 98.58, 50.29, 16.35]
各自的权重分别是[1.21, 0.23, 8.08, 5.38, 3.42, 3.26, 8.91, 7.51, 4.2, 1.94, 7.54, 1.26]
有8个供电用户
各自的最大供电量分别是[120.38, 74.87, 37.05, 51.25, 49.22, 91.18, 98.78, 66.43]
总供电量是589.16
总需电量是736.71
最后每个需求用户得到的电量为[61.58, 0.0, 26.26, 47.79, 79.8, 94.8, 83.58, 65.81, 16.01, 46.89, 50.29, 16.35]

有12个需求用户
各自的用电要求分别是[60.17, 3.75, 60.5, 84.2, 93.82, 82.52, 71.9, 24.56, 89.66, 85.07, 34.95, 90.08]
各自的权重分别是[2.7, 5.02, 3.97, 7.53, 9.58, 7.75, 1.65, 7.47, 0.17, 1.8, 8.24, 0.95]
有8个供电用户
各自的最大供电量分别是[93.23, 58.69, 41.63, 116.48, 48.91, 57.94, 78.81, 60.28]
总供电量是555.97
总需电量是781.18
最后每个需求用户得到的电量为[60.17, 3.75, 60.5, 84.2, 93.82, 82.52, 71.9, 24.56, 0.0, 39.6, 34.95, 0.0]

有14个需求用户
各自的用电要求分别是[95.85, 35.81, 72.1, 27.95, 1.11, 76.67, 24.66, 86.51, 25.92, 82.13, 3.86, 56.07, 68.04, 55.85]
各自的权重分别是[8.35, 6.63, 7.49, 7.73, 2.77, 5.94, 1.46, 4.27, 0.55, 9.79, 2.24, 0.29, 0.08, 3.64]
有6个供电用户
各自的最大供电量分别是[84.87, 120.58, 96.47, 69.53, 69.29, 48.01]
总供电量是488.75
总需电量是712.53
最后每个需求用户得到的电量为[95.85, 35.81, 72.1, 27.95, 1.11, 76.67, 24.66, 12.76, 0.0, 82.13, 3.86, 0.0, 0.0, 55.85]

有15个需求用户
各自的用电要求分别是[24.0, 53.87, 17.93, 29.23, 79.47, 56.8, 96.28, 2.82, 18.77, 18.5, 91.7, 43.37, 13.08, 63.16, 86.88]
各自的权重分别是[4.52, 3.73, 8.69, 7.24, 0.98, 7.38, 0.89, 3.4, 7.52, 6.85, 4.73, 7.14, 9.81, 7.44, 2.13]
有5个供电用户
各自的最大供电量分别是[92.65, 94.32, 102.38, 87.13, 98.16]
总供电量是474.64
总需电量是695.86
最后每个需求用户得到的电量为[24.0, 53.87, 17.93, 29.23, 0.0, 56.8, 0.0, 2.82, 18.77, 18.5, 91.7, 43.37, 13.08, 63.16, 41.41]

有9个需求用户
各自的用电要求分别是[0.38, 83.23, 5.01, 58.49, 87.76, 23.91, 13.51, 67.96, 8.59]
各自的权重分别是[6.4, 6.34, 2.06, 5.58, 6.11, 0.48, 2.07, 7.81, 4.74]
有11个供电用户
各自的最大供电量分别是[44.72, 50.71, 28.88, 39.75, 77.73, 18.93, 66.64, 0, 15.57, 82.54, 42.18]
总供电量是467.65
总需电量是348.84
最后每个需求用户得到的电量为[0.38, 83.23, 5.01, 58.49, 87.76, 23.91, 13.51, 67.96, 8.59]

有8个需求用户
各自的用电要求分别是[6.85, 77.85, 78.12, 73.74, 22.7, 84.53, 21.74, 0.64]
各自的权重分别是[5.23, 0.49, 8.17, 5.7, 4.47, 2.04, 5.01, 6.65]
有12个供电用户
各自的最大供电量分别是[31.82, 36.46, 0, 50.66, 23.93, 20.05, 40.19, 68.63, 83.66, 3.42, 43.18, 79.83]
总供电量是481.83
总需电量是366.17
最后每个需求用户得到的电量为[6.85, 77.85, 78.12, 73.74, 22.7, 84.53, 21.74, 0.64]

有12个需求用户
各自的用电要求分别是[40.59, 96.48, 65.35, 99.84, 0.49, 39.82, 90.99, 93.97, 11.84, 6.31, 60.02, 93.1]
各自的权重分别是[8.59, 9.97, 4.36, 3.81, 4.21, 5.94, 1.75, 9.52, 4.93, 6.0, 5.29, 9.15]
有8个供电用户
各自的最大供电量分别是[87.29, 34.0, 98.78, 23.62, 43.1, 112.42, 58.89, 74.3]
总供电量是532.4
总需电量是698.8
最后每个需求用户得到的电量为[40.59, 96.48, 65.35, 24.43, 0.49, 39.82, 0.0, 93.97, 11.84, 6.31, 60.02, 93.1]

有9个需求用户
各自的用电要求分别是[33.29, 97.44, 39.21, 68.22, 74.16, 83.36, 15.57, 54.16, 83.77]
各自的权重分别是[1.31, 7.66, 4.36, 0.57, 2.44, 4.72, 6.69, 4.92, 4.13]
有11个供电用户
各自的最大供电量分别是[29.12, 17.54, 29.86, 70.0, 72.65, 52.25, 92.5, 44.45, 25.17, 11.97, 76.42]
总供电量是521.93
总需电量是549.18
最后每个需求用户得到的电量为[33.29, 97.44, 39.21, 40.97, 74.16, 83.36, 15.57, 54.16, 83.77]

有10个需求用户
各自的用电要求分别是[77.89, 82.17, 55.38, 83.62, 72.97, 24.94, 60.15, 82.06, 2.34, 84.51]
各自的权重分别是[6.78, 0.82, 1.6, 7.41, 0.42, 4.62, 4.82, 3.24, 4.51, 0.79]
有10个供电用户
各自的最大供电量分别是[65.05, 27.33, 34.78, 79.36, 39.51, 19.58, 96.85, 18.21, 34.02, 63.82]
总供电量是478.51
总需电量是626.03
最后每个需求用户得到的电量为[77.89, 82.17, 55.38, 83.62, 0.0, 24.94, 60.15, 82.06, 2.34, 9.96]

有10个需求用户
各自的用电要求分别是[36.79, 58.46, 23.26, 47.6, 64.03, 52.92, 8.11, 3.63, 51.88, 97.66]
各自的权重分别是[7.44, 6.79, 9.59, 5.94, 1.31, 7.51, 9.92, 0.3, 7.37, 8.83]
有10个供电用户
各自的最大供电量分别是[90.36, 24.94, 46.12, 49.81, 11.75, 51.52, 45.61, 3.85, 18.61, 29.98]
总供电量是372.55
总需电量是444.34
最后每个需求用户得到的电量为[36.79, 58.46, 23.26, 47.6, 0.0, 52.92, 8.11, 3.63, 51.88, 89.9]

