10.1718109125
6.936855779
12.906974022
6.8553907577
7.5053963308
6.9222254137
7.8641339887
7.8629491811
7.7783895191
9.6864048929
8.6288603301
8.1664927778
8.3035840343
5.3720648071
9.2103404414
10.600184301
13.7592720854
8.1987717447
12.8635970144
7.6705399669
7.3264990888
8.3159808773
7.9255995397
6.192557891
8.5090246009
12.4031594719
12.7926972793
8.3741824214
8.0711740647
12.3806443614
6.5146491025
11.0190923974
8.154932189
6.9862518264
5.5527882528
6.1029387545
9.5727612537
7.9929945696
8.4884479758
13.660298965
7.3709561443
7.4850065626
8.9824607082
6.2346040297
6.6455322678
6.8733847504
8.4175702798
8.1310466258
14.6976578077
7.6590364224
6.0065208072
9.6091610878
6.1689971799
8.0167522418
6.2545021209
11.8025884338
9.6591202337
12.7656647196
10.8232836752
7.4785258893
6.8466794914
7.3285212727
6.4813341205
5.9499317431
7.7537412216
6.3376644386
13.5757781405
12.8432616451
7.1504389813
7.9118803226
9.8778578629
6.8121542498
8.129177014
7.4685327031
8.3528080345
6.7802392611
11.879775402
6.0791487982
7.7439584558
7.0693733479
6.5023461701
7.7315938026
6.4695560856
7.5108958387
8.8967958402
8.6652607253
6.288957077
7.5639982471
7.1116556036
7.4221028946
7.3331820263
13.2902477534
7.6818766172
5.6264564332
7.0575754914
6.8385146604
6.1839430619
7.8047958563
13.8837698927
8.1815982545
7.3136660001
6.8391131902
5.9646466093
5.8109718379
6.500986907
7.6285771998
12.9290709963
9.9902685503
6.8431754732
11.4380691795
11.2947074564
7.3408824883
6.383053734
9.3682428154
10.3231211975
11.647471821
8.9980625192
10.3123665008
7.9483326811
8.0779452453
6.0404167618
7.4957761392
6.8779695569
5.8173577667
7.7842800763
6.8399641537
10.7607785119
8.5681876999
10.3292594238
10.5605675496
9.1294514308
6.7311483471
6.8125896399
5.0681028019
7.2938149554
7.1316806422
5.2433364737
9.1842637718
8.065744951
8.0671254274
7.0581015067
6.8101363877
5.6042902002
6.5624757737
7.9488981838
6.9511390262
11.1233178808
6.4447747475
7.1123114263
8.7177530156
9.3842893042
7.2950515703
8.832227821
13.5166324815
7.4517677138
12.3706431334
11.3635921044
9.201325394
6.484290472
7.3736980127
9.3468111036
12.3736561442
10.3932157074
7.5042944596
6.1894093879
12.2941649111
6.9669061043
7.4685001692
5.7690116775
8.4528671201
6.5592056377
7.4834655379
7.3313904213
6.17027672
9.1620484328
6.6317114735
7.3391085422
7.3423756511
7.1251686051
7.1256371268
6.3379051454
8.8679450486
9.998459134
6.0100165575
5.5794423036
6.8322455764
7.0113184336
8.4446466691
9.1142299775
6.0407315337
10.2459874412
11.3743099463
10.0564342591
6.5917621316
6.2882871892
7.6649246651
6.8520452929
7.1559457028
6.9765113418
7.3472846487
12.1908157403
6.6994895889
7.7473066366
6.3519967701
6.3298374675
7.4860451596
7.3594845099
9.5483920578
8.1048649099
7.5359447475
7.5239622223
6.3406346463
10.4541090004
6.9776556635
10.6665538392
7.5050966721
8.5799366517
7.4007839247
8.11674557
6.6282918221
6.838971001
7.2922499669
11.9631609041
9.1774329376
7.9373031252
6.9671029461
7.5123819835
12.3863221095
5.2941458127
6.5370484574
11.2584714739
6.606949995
9.4672238325
10.6251402982
7.8443805195
6.4926662264
6.610578292
6.5070343357
10.8781704743
7.2385010581
8.7371137672
12.4640949952
12.4472444177
7.3003843588
6.5650984048
9.6208913124
8.1495912831
7.2576972124
5.0572922251
8.2494586244
12.799266618
12.1234580353
7.3783716222
13.1835184136
8.9200606956
12.5159971905
8.2836492743
7.9280135322
7.1080549851
7.1639414685
8.875155683
12.0022190445
9.0079540465
5.3352688103
7.2516971159
7.4692229876
8.6635880463
7.5248463633
11.8854947492
6.987890444
7.2149104923
4.3359931237
8.0162282758
13.0931830188
13.0915422899
10.9680275752
6.6534763324
7.8410068064
8.610659318
13.2762352922
9.4375082198
10.663445522
7.6213136973
8.1893557912
6.0151211499
6.9032497673
6.4559803601
8.6041164319
8.0446675405
8.9907264756
6.3406739483
11.6910554218
8.892005753
8.1798150537
6.2629793492
9.4382074938
12.1589004908
12.8753760324
7.4176566651
8.6253358607
12.0953379567
9.124883037
7.2978651901
10.4342932717
8.9722130839
8.9866583345
6.6646508505
5.9917494632
9.0175214117
12.2128644681
7.0419934032
7.4517828215
11.0849574227
8.3131806859
10.5268295679
6.5710302048
7.4662400717
12.3985372747
6.5438499971
7.549692097
11.4214526105
7.4120704387
6.6018911591
8.2078835904
8.4803129661
12.5420769306
10.6351280445
14.0144170043
7.891389667
7.4418612771
5.7044668558
7.7211021302
11.5785161615
7.3037001079
8.7789116462
12.5508514097
6.3278609009
6.1954703611
6.1263076583
8.3848240914
5.681984238
8.1235503136
6.3205351956
8.9490245187
10.6886638642
7.3564580718
12.0083748689
7.5928613249
8.1575772304
7.1796582344
12.5098484446
8.0708669437
6.6750553196
6.4105001974
8.714600341
8.0232591717
8.2292489532
5.1007784178
11.097024544
6.5686894988
9.1608123811
8.860413875
7.0091667017
8.4664117417
7.1389908081
7.0541848867
6.6279010322
11.6763832066
11.61898376
5.9349399657
6.1016712703
7.5329749286
7.7140392138
8.4395502029
5.9515152616
7.5193732949
9.3648138442
7.5138423434
6.4668270048
8.5583691588
7.933239214
12.1806122684
7.8311004863
6.7301451362
5.9832827958
6.2597014966
7.5698930671
7.6551213632
7.0400870569
4.6138025199
8.4619276899
10.2981256941
14.0401249566
6.7691592622
8.7716630579
8.3757400124
7.3272949207
8.0027631718
8.0033332708
8.0197746473
7.5214385029
6.8589879175
8.0272007391
7.3976959542
7.9499639059
8.2803649799
7.8640449235
7.6045027557
6.9436452713
9.7686069549
10.4736582978
7.3504216069
7.6753802607
7.8676074365
6.119571161
8.7056929413
5.9776216987
12.9146042611
13.0870844081
9.1783869707
7.5167904215
4.4425757494
10.8291065956
7.9876040551
8.2156440135
7.1340682808
10.7069093172
9.1068410379
7.3440355344
7.6679280126
7.864123688
8.2542496863
8.8255906704
9.511850156
7.8235678953
8.4730411333
7.0089260175
8.0504669728
8.4426802102
9.7309735469
6.4245088892
6.2729533918
8.0338761968
7.0006939686
7.9824273553
7.9008975291
8.195797345
6.0879599249
9.1342794764
8.972483947
7.0456977974
12.4692436773
12.1416920699
6.5735369309
8.9601289097
6.5243935548
5.4927654593
8.6702984417
9.660153785
5.8361060031
11.2231331521
10.8886125094
7.2234241581
13.0173444404
7.3132803105
7.0961858098
6.1630740211
6.3686892863
11.8642989244
9.7689803672
6.497240382
10.3295127348
7.6124190059
6.6570900286
11.0599314587
12.7259753768
7.3541796092
9.5879298768
7.0361190073
13.2461856147
10.4946793473
8.1445161673
10.0884797325
8.008555479
9.9334600375
11.6849426947
7.233409454
6.4520381867
7.2533909936
12.1970757271
8.3287696032
6.6255861895
8.3489820788
7.3423621869
6.9208850169
6.4771405483
12.6847145616
7.9946410495
13.5137748993
6.5360069765