7.764332850125
3.2066900908000004
7.6899506933
2.7618738446
4.1524901026
3.2836048471999995
5.1830189854
5.0025190502
5.052889646000001
6.888205595199999
5.9784647058000004
5.7647436484
5.605171307599999
1.3150403099
7.5013848403
4.990382759199999
7.966430736775
5.778749519800002
8.2515770458
4.7939849188
4.0679341832
5.947732982200002
5.050564824
1.49555972985
5.932642252800001
7.7012744336250005
8.188912400875001
6.063885254799999
5.4919640506
7.7390835475749995
2.304171545999999
4.653509656400001
5.4962475364
3.4700232371999995
1.34928966045
1.6243476912000006
7.638187519075
5.175915583
6.4555300862
8.23676575335
4.2342425087999995
4.424295926599999
3.0967861271999997
1.7782062756000006
2.2465173164000003
2.736412745000001
6.061636286999999
5.1922425576
8.307153021525
4.5097466012
1.473723814825
3.997261440600001
1.8103395405999994
5.524626655799999
1.6918627134000008
7.62764651025
7.198728847800002
7.419641555599998
2.328177674999999
4.072770972000001
3.1933183672
4.155453457
1.7482098603999994
1.48705133445
4.7200954854
1.7739547033999994
7.622577455275
7.804534247025
3.5198666910000007
5.1135267851999995
7.715416263374999
2.9988513339999994
5.650308012
4.0896034187999994
5.8965309592
3.0582207504000003
7.777099451525
1.450448083625
4.7279067414
3.5009924786000006
1.9112843402
4.907617139799999
1.9179687758000004
4.344150820199999
3.3019296814000008
6.512312049199998
1.49745955695
4.5855106918
3.599800858
3.993595858400001
4.1426803376
7.984920380175
4.487474451600001
1.364985614925
3.1064772087999994
3.1608614603999996
1.5903323325999992
4.780678079199999
8.227306757525
5.553286667399998
4.0374806998
3.1711484605999996
1.467862339625
1.452737350975
2.3474261201999997
4.545710485800001
8.281336927049999
6.4025651816
1.9428669924000008
7.9091803102250005
6.577235065
3.9565048306
1.9675846664000005
7.557324537375
6.769371880800001
6.0665542108
2.1963897897999995
7.420495356
5.3168949754
5.445377167
1.48515659285
4.395517855
2.9079162598000003
1.454334327375
5.0202899238
2.2311591162000006
7.693708626575
6.319056719599999
4.8793192264
4.641596052400001
7.1620321042000015
2.9411591644
2.9240972147999997
1.257648530125
4.061877394
3.751702054800001
1.302344666075
7.513209672525
5.19013232
5.236885878800001
3.227754128200001
2.9642200467999995
1.298391178425
2.0798445006
4.9323389302
3.088775633399999
6.854643312
1.8781203287999997
3.661135419800001
6.8013559716
7.5516122836
4.087853691399999
7.063804532599999
8.206331256
4.0304076252000005
8.0293284977
4.6344384398
7.5234114910750005
2.4605029238
4.1989096158
4.26218074
7.792855463525
7.0159854246
4.3324306178
1.5960768057999992
7.843806406900001
2.8710158910000008
4.387598971399999
1.424771221425
2.5053344142
2.1875666755999994
4.4475471656
4.009706402200001
1.49965228395
7.482656389399999
2.0527617613999993
4.116964088
4.1630060025999995
3.7440679966
3.695321678199999
1.4915847733
6.565848753800001
7.743058205575
1.480477053375
1.361346054925
2.9337234193999997
3.262271266000001
6.388447855399999
7.083178913000001
1.47374623495
5.450311145000001
6.664721116999999
4.3829885615999995
2.4814581903999997
1.6564638259999995
4.543093860400001
3.1851559930000004
3.1513754881999994
2.9999797116
3.9268294096
7.73387753815
2.4619950908000003
4.6407681384
2.1992051692000008
1.424609377425
4.4679875423999995
4.1544600358
5.032867851200001
5.5685998468000015
4.200584195399999
3.7623792415999997
1.8576316865999996
7.83491678755
2.7917687103999995
7.52751856085
4.508416073199999
6.659634238399999
3.8172531376
5.2716963448000005
2.4841620964000004
2.8014068539999997
3.8379616395999996
7.443812815400001
7.501406858625
5.1906824234
3.3424754464
4.164699151400001
7.572478882125
1.3233071012
2.1792750144
7.126155099399998
2.0609822274000003
7.057972029399998
5.061728198599999
5.025711000799999
2.4702561640000003
2.3027844490000007
2.5138603948
7.307525938800001
3.2101405246
6.7496547098000015
7.99675459625
7.909751449325
4.1000945049999995
2.5181774378000004
7.639609719225
5.0565485932000005
3.5134907694000006
1.25394957045
5.949547228
7.647316910475
7.6476903977
3.7548794969999992
7.904160967575001
7.059711926999999
7.633231023975
5.8026300388
5.273511881199999
3.5661604926
3.5640376739999997
6.414090135999999
4.4157221612
7.094285167799999
1.2684636521
3.7492758419999994
4.1547946067999995
6.295444741000001
4.472470186600001
7.73626936465
3.1678713666
3.5950265324000004
1.055565018725
5.432565283400001
7.999140889125
8.22970231625
7.95029249375
2.7055487730000003
4.6634711614
6.3737881586
8.47421051755
7.58289805095
3.6455539114000004
4.6172932162
5.755042543399998
1.4339028542
3.1171786073999996
2.400290631800001
6.4355017962000005
5.4915040382
7.479904959199999
2.1455215237999994
7.0298929834
6.5274620928000004
5.838236734199999
1.6201380400000005
7.600850385399999
7.593386116725
8.175061733225
4.3082449468
6.364522854800001
7.628191782175
2.236855556
3.886287962200001
4.1413898578
7.080671592800002
7.389224590000001
2.5315473811999993
1.462151810475
7.268829740800001
7.9766681967
3.5832885720000007
4.358779437600001
5.938341551600001
5.997256955000001
6.2769391066
2.36836617
4.409625844800001
7.250635987599999
2.2729842155999993
4.5689108704
6.292322589400001
3.8656234354
2.347930914799999
3.6189850592
6.2420332688
7.72252270625
5.2847709926
8.191781871675
5.2162362136
3.9433106355999996
1.39892979815
4.8374469896
7.315151571000001
4.1065639072
6.744060437600002
7.797072135025
2.0537764525999993
1.6151908549999998
1.7520033716000007
5.952824159399999
1.42044181095
5.293126000599999
1.9020693079999997
7.313109648800001
7.8909137056750005
2.9022100268000006
7.603138736875
4.368795346800001
5.535112417400001
3.3923149939999995
7.812602612125
5.577601183599999
2.7864159833999995
2.178842446599999
6.694643771599999
5.4868411098
5.887781189999998
1.207681546625
6.135942532600001
1.6896738855999995
7.5341046166000005
7.164086227399999
3.0655438985999997
6.281808488399999
3.2522105739999994
3.143483473
2.3044284251999994
5.302387584
5.285366443799999
1.424988501425
1.6081453272000008
4.3155978388000005
4.332967952400001
5.963426389399999
1.437819583375
4.125730409199999
6.136392434600001
4.0992994662
2.1652266345999998
6.276586870799999
5.2490853154
7.707674978675
5.141841079000001
2.7922044806000006
1.45060847455
1.9047827272000006
4.180854372000001
4.759314698200001
3.4287296006000005
1.04932138105
6.0548249904
7.51491188355
7.900358335425
2.9481488329999994
7.003515331799999
6.251231310000001
3.375337041
5.4143547792
5.367414204599999
5.522981959399999
4.1582675554
3.0489540070000007
5.1922803414
4.289418722800001
5.333576999
5.6884824722000005
5.066369932200001
4.3234556394000005
2.5792962151999994
7.608348010325
3.221797090999999
3.8682261928
4.8502338684
4.525652125800001
1.6495872126000002
6.8041035382
1.4562626422
7.3693201126000005
7.8723523846
7.541822827675
4.325125223600001
1.077881474575
4.9241641818
5.1740468942
5.267622059000001
3.3958011526000007
6.6450995822
7.395076988
3.8187952139999997
4.671859036800001
4.997803165800001
6.0001793345999985
6.865482145000001
3.788089211200001
4.831549859800001
6.1318243469999985
3.0572277798
5.0241094109999995
6.294586926800001
5.781474077999999
2.0603264752
2.0443307387999994
5.341162106600001
3.5010878342
4.8491220639999995
5.166400964399999
5.4444697504
1.6599789993999998
6.995499638199998
7.133254301600001
3.5865993256
7.5456129894499995
7.87549648075
2.4290437798000006
7.3944020741999985
2.2424200372000005
1.30113993035
6.8325637666
7.580030798175001
1.409249999375
7.860832078775
7.8983876484
3.7132190626000003
7.858588718775
3.6720822194
3.5204469837999994
1.457049369725
2.165159377
7.662305582175
7.654924923075
2.0511191498
3.3995932258000003
4.7106108688
2.5482536309999997
7.617031515175
7.856933948
3.7428306984000006
4.544963826
3.343978377799999
8.129723189549999
6.012357752
5.3356708816000005
4.4382239214000005
5.5154254676
3.9212151522000003
6.897346902599999
3.6892277056000005
1.9757606293999999
4.001676420400001
7.748854971825001
6.097469626999999
2.711223255
5.689366323200002
3.8952975530000007
3.0038873002000006
2.2646734288
7.712028465275
5.4660429466
7.97675426885
2.5450595834000005
