7.792952728125
3.373711558
8.4767435055
3.210781515400001
4.5107926616
3.3444508273999993
5.2282679774
5.225898362200001
5.0567790382
7.671601223225
6.7577206602
5.8329855556000005
6.1071680686
1.343016201775
7.55258511035
7.90004607525
8.68981802135
5.8975434894
8.4658992536
4.8410799338
4.152998177600001
6.131961754599999
5.351199079400001
1.8851157819999997
6.5180492018
8.350789867975
8.448174319825
6.248364842800001
5.642348129399998
8.34516109035
2.529298205
8.00477309935
5.809864378
3.4725036528000004
1.3881970632
1.7058775090000005
7.643190313425
5.485989139200001
6.4768959515999995
8.66507474125
4.2419122886
4.4700131251999995
7.464921416399999
1.9692080593999997
2.7910645356000003
3.2467695007999993
6.335140559599999
5.7620932516
8.924414451925
4.8180728448
1.5130416144000005
7.65229027195
1.8379943597999997
5.533504483600002
2.0090042417999996
8.20064710845
7.664780058425
8.4414161799
7.955820918800001
4.4570517786
3.1933589827999995
4.1570425453999995
2.4626682409999994
1.487482935775
5.007482443200001
2.1753288772
8.643944535125
8.460815411275
3.8008779625999995
5.3237606452
7.719464465725
3.1243084995999997
5.758354027999999
4.4370654062
6.205616069000001
3.0604785222000004
8.2199438505
1.6582975964000006
4.987916911599999
3.6387466958
2.5046923402
4.9631876052
2.4391121711999997
4.5217916773999995
7.293591680399999
6.830521450599999
2.077914154
4.6279964942
3.7233112072
4.3442057892
4.1663640526000005
8.572561938349999
4.863753234400001
1.4066141083
3.6151509827999995
3.177029320799999
1.8678861238
5.1095917126
8.720942473175
5.8631965090000016
4.127332000199999
3.1782263804
1.491161652325
1.452742959475
2.5019738139999994
4.757154399599999
8.482267749075
7.747567137575
3.1863509463999993
8.109517294875
8.0736768641
4.1817649766
2.2661074679999995
7.5920607038500005
7.830780299375
8.161867955249999
7.496125038399999
7.8280916252
5.3966653622
5.655890490600001
1.5808335236000008
4.4915522784
3.2559391138000002
1.454339441675
5.0685601526
3.179928307400001
7.940194627975
6.636375399799999
7.83231485595
7.8901418874
7.5323628577
2.962296694200001
3.1251792797999993
1.267025700475
4.0876299108000005
3.7633612844
1.310834118425
7.546065942949999
5.631489901999998
5.634250854800001
3.6162030134
3.1202727754
1.40107255005
2.6249515474000003
5.3977963676
3.4022780524
8.0308294702
2.3895494950000007
3.7246228525999996
6.935506031199999
7.59607232605
4.0901031406
7.164455642
8.629158120375
4.4035354276
8.34266078335
8.0908980261
7.5503313485
2.4685809439999993
4.2473960254000005
7.5867027759
8.34341403605
7.84830392685
4.508588919199999
1.8788187757999992
8.323541227775
3.433812208599999
4.437000338400001
1.442252919375
6.405734240200001
2.6184112753999997
4.4669310758
4.1627808426
1.8405534400000008
7.5405121082
2.7634229470000005
4.1782170844
4.1847513022000005
3.7503372101999997
3.7512742536
2.1758102907999994
7.235890097199999
7.7496147835
1.5200331150000004
1.3948605759
3.1644911528
3.5226368671999992
6.389293338200002
7.528557494375001
1.5814630673999996
7.8114968603
8.093577486575
7.764108564775
2.6835242632000007
2.0765743784
4.8298493302
3.2040905857999995
3.811891405600001
3.4530226836000004
4.194569297399999
8.297703935074999
2.8989791777999994
4.994613273200001
2.203993540200001
2.159674935
4.472090319199999
4.218969019799999
7.63709801445
5.7097298198
4.571889495000001
4.5479244446
2.1812692925999997
7.863527250100001
3.4553113270000004
7.9166384598
4.510193344199999
6.659873303400001
4.3015678494
5.733491140000002
2.756583644199999
3.177942002
4.0844999338
8.240790226025
7.544358234400001
5.374606250399999
3.4342058921999996
4.524763967
8.346580527375
1.323536453175
2.5740969148
8.064617868475
2.71389999
7.616805958125
7.90628507455
5.188761038999999
2.4853324528
2.721156583999999
2.5140686714000005
7.969542618575
3.9770021161999995
6.974227534400001
8.3660237488
8.361811104425
4.100768717599999
2.6301968095999992
7.655222828099999
5.799182566199999
4.0153944248
1.264323056275
5.9989172488000015
8.449816654500001
8.280864508825001
4.256743244400001
8.5458796034
7.3401213912
8.378999297625
6.0672985486
5.356027064399999
3.7161099702
3.827882937
7.250311365999998
8.250554761125
7.501988511625
1.333817202575
4.0033942318
4.4384459752000005
6.8271760925999985
4.5496927266
8.2213736873
3.475780887999999
3.929820984599999
1.083998280925
5.532456551599999
8.5232957547
8.522885572475
7.9920068938
2.8069526648000007
5.1820136128000005
6.7213186359999995
8.56905882305
7.60937705495
7.9158613805
4.7426273945999995
5.878711582400001
1.5302422997999994
3.3064995346000003
2.4119607201999997
6.708232863799999
5.5893350810000015
7.481452951200001
2.1813478966
8.17276385545
7.284011505999999
5.859630107400001
2.0259586984
7.60955187345
8.2897251227
8.4688440081
4.3353133302
6.7506717214
8.273834489175
7.53122075925
4.095730380199999
7.858573317925
7.4444261678
7.473316668999999
2.8293017010000003
1.4979373658
7.504380352925001
8.303216117025
3.5839868064000004
4.403565643
8.021239355675
6.126361371800002
7.8817073919750005
2.642060409600001
4.432480143399999
8.349634318675001
2.5876999941999994
4.599384194000001
8.105363152625
4.3241408774
2.7037823182
5.9157671808
6.460625932199999
8.385519232650001
7.908782011125
8.753604251075
5.282779334000001
4.3837225542
1.42611671395
4.9422042604000005
8.144629040375
4.1074002158
7.057823292399998
8.387712852425
2.1557218018000004
1.8909407221999999
1.7526153166
6.269648182800001
1.4204960595
5.747100627199998
2.1410703911999995
7.3980490374
7.922165966050001
4.212916143599999
8.252093717225
4.685722649800001
5.815154460799999
3.8593164687999995
8.377462111149999
5.641733887400001
2.8501106392000004
2.3210003948000004
6.929200682000001
5.546518343399999
5.958497906400002
1.27519460445
8.024256136
2.637378997600001
7.540203095275
7.2208277500000015
3.5183334034
6.4328234834
3.7779816162
3.6083697733999998
2.755802064399999
8.16909580165
8.15474594
1.483734991425
1.7033425405999996
4.5659498572
4.928078427599999
6.379100405799999
1.4878788154
4.538746589800001
7.59120346105
4.527684686800001
2.4336540095999997
6.616738317599999
5.366478428000001
8.2951530671
5.162200972600001
2.9602902724
1.49582069895
2.0194029932
4.6397861341999995
4.8102427264
3.5801741138
1.153450629975
6.423855379799999
7.824531423525
8.760031239149999
3.0383185243999993
7.043326115799999
6.251480024799999
4.1545898414
5.5055263436
5.506666541600001
5.5395492946000005
4.542877005799999
3.2179758350000007
5.554401478199999
4.295391908399999
5.3999278118
6.0607299598
5.228089847
4.709005511399999
3.3872905426000006
7.692151738725
7.86841457445
4.200843213800001
4.8507605214
5.235214873
1.7391423219999993
6.911385882600001
1.494405424675
8.478651065274999
8.521771102025
7.544596742675
4.533580842999999
1.11064393735
7.957276648900001
5.4752081102000005
5.931288027000001
3.7681365616000004
7.9267273293
7.526710259475
4.188071068799999
4.8358560252
5.228247376000001
6.008499372599999
7.151181340800001
7.627962539
5.1471357906
6.446082266600001
3.5178520350000007
5.600933945600001
6.385360420400001
7.682743386725
2.3490177784000004
2.0459067835999996
5.567752393599999
3.5013879372000005
5.464854710599999
5.3017950582
5.891594690000002
1.6759198497999996
7.5335698691
7.444967894000001
3.5913955948
8.367310919325
8.285423017475
2.647073861799999
7.4202578194
2.548787109599999
1.373191364825
6.8405968834
7.66503844625
1.459026500775
8.055783288025001
7.9721531273499995
3.9468483162000005
8.5043361101
4.126560620999999
3.6923716195999994
1.8261480421999998
2.237378572600001
8.2160747311
7.6922450918
2.4944807640000004
7.8323781836999995
4.724838011799999
2.8141800571999998
8.014982864675
8.4314938442
4.2083592184
7.6469824692
3.5722380146
8.561546403674999
7.873669836825
5.789032334600002
7.7721199331249995
5.517110958
7.7333650093749995
8.171235673675
3.9668189080000005
2.4040763734000006
4.0067819872
8.299268931775
6.157539206399999
2.751172379
6.197964157600001
4.1847243738
3.3417700337999996
2.454281096600001
8.4211786404
5.489282099
8.628443724825
2.572013953000001
