34.6141415653
30.5876374227
35.0207195984
32.9592686804
39.6378773895
40.7926384612
39.7816986231
31.7249899255
33.5218962403
27.8741015243
36.468570289
28.0828470412
33.3863373878
30.5628105242
34.0050639247
24.955935843
35.3781841343
32.3007098191
40.6043562943
34.5405623995
36.5921662109
32.6848356757
36.2140726331
28.1472410914
39.7772143378
20.2861932734
23.4839189747
29.5736909254
42.079736381
32.048430126
33.6509898716
39.11072742
39.4031750251
34.9678926482
25.4118964689
33.9584713644
34.7203437233
34.576698595
29.3168745717
31.7018554105
35.7368788098
30.325199167
35.0660344195
38.7750735241
33.5583813777
30.8963563918
40.8644242614
42.3996719454
36.2218776345
35.763393175
31.1655292647
26.3708326942
27.6758713355
36.7840431333
37.4368142124
31.3689904898
24.531771416
29.8214077291
31.5749627621
42.4467335068
37.300224251
32.1650669586
33.3945064299
32.4163005012
38.5925358699
38.2638215543
26.6517234855
30.611041246
33.0823087472
28.7310826396
39.8588622341
31.283356958
33.8983705964
31.9716939113
25.6603333604
36.424950502
32.8759977979
34.5387601192
33.1091526105
38.5800286648
30.2219177058
34.3568802049
31.4884224819
32.4873695042
35.7734479801
32.2399978546
34.5656009998
35.1232167982
37.1193755556
40.8007933855
30.534346678
38.6723303887
37.526667411
34.0963945796
30.241891329
38.4523026834
26.9794753163
38.3184945934
39.9064626121
23.9090037254
31.1501124291
35.232385813
31.0238927688
33.0975261148
25.5335656051
33.8790292538
36.1931210335
30.775678719
42.3717015932
36.6720661357
31.6555982465
28.4115224334
30.1954394794
34.4272253662
33.0854073198
33.7705306704
37.4247523199
45.0819844465
38.2800109491
36.3061072613
44.5770146488
30.0495771084
32.0233527516
41.2647954612
34.3030360389
38.4362386271
30.0152661146
31.5039416153
39.0768763175
36.3215344378
38.2908015676
31.3815020452
44.4650283382
31.2200443345
36.3341474285
27.0367443128
22.8584350393
39.9745983646
28.0123449285
28.8802777148
40.2526678662
35.6198595659
35.2720042948
32.5829258424
32.947610111
30.8758426811
36.9256064198
32.1159873948
29.3021173102
39.7759145843
35.8416855068
28.1076756927
39.3736271677
40.3258061282
41.4492720143
29.8102670029
27.6447674409
42.8832278036
31.0092251151
36.6548526831
39.2472906155
27.2726799969
41.1055772782
34.9849731939
32.0672008302
34.2397758512
21.1002499128
35.9316118018
30.294347819
35.4197515251
34.1610980022
36.0999766676
23.8803923343
42.0500079702
39.8063417937
33.2397065167
42.1734081527
26.3255419924
39.8906926879
35.4553735258
34.4832711076
21.9968273982
27.6777320065
38.8855894479
35.7817491597
31.7636924892
38.9753828125
38.6902787479
34.7105252532
29.2887180288
42.8367091391
38.8875715916
37.3446569084
39.8207836776
37.0237973876
37.5362735835
22.5236809743
43.994678022
40.7719468517
39.5746697167
36.8130078135
35.01261768
42.3337640883
41.0879727205
28.149882316
34.3907794598
26.7817952155
35.3449372166
22.8859729902
31.8430375234
36.7617861902
37.2057916385
31.9041427734
34.1852740984
39.9274633411
36.6706848096
27.1463585816
31.9502865723
39.003472519
34.0122470244
35.7734970078
37.1177137864
41.5584482203
24.873906081
28.9537395683
30.2088999635
23.0541612816
37.3473748431
33.3440194496
30.0575473048
32.1439959132
30.9337574334
35.8960449849
44.990837486
36.9071271516
29.6123873132
34.9902174224
32.0069896698
33.7683582834
23.4648982099
36.4840789751
32.4892415044
27.26120823
36.5261368212
40.7389370939
41.9656758688
39.685680302
27.3844585458
32.9287896078
28.6965570144
31.6586179138
24.8854303273
30.0298573333
21.0333944935
32.0501976521
35.4867899853
26.614163278
33.2419918017
35.8032416022
39.0405501209
24.3626194831
35.1897626646
42.1576946932
35.8553338862
38.8725399813
35.9713578026
32.6102083182
28.5630571984
33.0895341962
39.0299676848
32.8281491235
46.2092299676
24.3091514763
35.7073681311
38.4047374231
35.8510091165
29.4008119238
33.107767863
27.7895253324
41.3004914116
37.8892785464
29.9980827099
39.9516313258
31.6657076755
29.6064107535
40.256238858
36.3433319112
43.4594623838
30.3922176472
29.8788782727
38.4320173241
32.7949130645
35.7882359888
25.3002614524
29.7596775078
41.3756679845
32.71671903
23.7309578126
39.2052100733
22.1410889459
30.8181261637
45.4308434832
37.7948555687
33.3194130763
42.994896379
38.2635631
37.0011380441
33.9236488584
34.9477334582
27.4919077546
37.9894449796
32.7655371512
30.1483836508
36.0370483916
39.8793955201
33.9161403704
37.3314752462
35.9187772915
32.0386692117
43.0118791638
37.3298252808
32.0365544973
31.9362370696
35.3307282359
32.0266440861
41.3886716771
30.4011678397
30.644754712
30.4252933375
32.7993490822
34.2834208452
24.5470708084
31.281640361
28.9047223793
28.0756764872
39.587498831
25.6407735115
38.304686531
29.9024124844
39.2875794138
29.8702589905
25.2894417168
28.1162561124
31.565597057
41.2024904904
34.4504888408
35.1506806242
33.8299094916
27.9516968339
30.2944177374
34.6280105703
37.1552819983
37.6210509445
26.7580718979
33.0197598823
28.3488383966
40.9681425445
35.8106912958
34.192904873
41.8475749705
34.4007190506
31.4463620108
33.3817474141
35.0894735937
35.1154561047
33.8341575425
40.5563878538
22.2358913047
31.1982607827
36.0313427442
41.4695370471
40.7948072717
25.0358459789
27.1509539149
43.6595903453
28.8309399806
26.7027497917
30.7922621474
36.4909327985
37.145327989
38.336574072
23.44967694
41.3613559378
37.7892687937
30.1416338617
40.4808187698
37.0487719736
27.8729299061
27.1383260132
39.4658794874
35.4491335521
39.8511096956
32.6852862111
43.8897730551
43.4554932079
40.751525338
33.7083936456
39.420433733
39.2536527198
28.1108730097
38.3738196077
28.7746246607
29.0955540106
36.3377807088
26.6486229197
42.254329157
23.9542792248
38.9230882661
38.5173316121
33.3529229185
36.3467411968
36.005474579
34.2984133516
36.52023541
29.0574548804
36.4821471692
34.4714577455
32.8739566535
38.4140094396
32.9930084809
33.2346631871
31.8830747334
33.9407754517
35.703193691
21.1147053026
24.1766784955
30.6439285015
30.9632926093
27.9064712829
35.8790714797
35.0013747254
36.5415238687
32.3695531089
39.8338750134
37.5754019288
40.5244384738
23.0722631202
37.6722307486
36.3173715022
29.9624638794
41.4466964752
36.0575893378
40.6810798702
41.851724784
28.1720371065
33.2067512005
38.6174318258
39.7092060553
35.9762384121
34.6508644395
35.9792109277
32.0364599529
28.5030895504
38.885051364
36.4898471913
39.8655067499
35.8913295697
34.4513192531
31.1587331096
48.1272110339
27.4650809167
29.393254377
36.035774519
27.0194031807
27.6980122438
37.1088191467
24.6832222012
33.2666381739
29.5602609527
32.3244993972
28.7826966719
32.8134394687
30.6298368609
27.6762914916
36.0493270344
29.8902099473
39.8753018406
32.8348381464
35.7790564905
30.4141376226
40.3495706861
21.3859450167
35.6745693581
38.8534189014
25.718769905
42.6079878949
37.0669157954
36.1786000633
28.3618971905
22.708232289
33.8428919073
35.5914714874
32.6404741394
33.6729114106
36.9463109517
27.7990868703
40.0428191264
35.1318847086
27.3578695833
36.1208583543
28.7345444789
31.6259600082
43.3869984357
31.1564609819
30.0449453871
30.3471875733
38.1516361842
27.4752119939
34.3732500261
39.895612648
33.8010472831
34.1030289882
40.3436099832
27.8351759586
33.530423344
38.0786414429
29.0641313219
36.1448346631
31.6863386359
29.5302451476
30.8290697389
40.4910731049
40.1243616149
27.4208344397
36.6841402766
46.4285496494
35.033700872
28.2877562579
33.2363493359
33.1481044851
31.0548559508
27.7141161253
37.921888814
40.5843070426
31.0172347268
22.476786004
32.1789533294
34.9378413993
36.6100286058
28.4827310874
27.3905069336
33.3620870251
31.7108611126
32.3987091223
35.7067676677
39.8724374862
32.5334706099
33.0185052049
34.8936179076
37.0144255238
33.4456119267
41.8419986521
26.6972405507
29.5076226127
32.7525679629
32.7178443414
39.8256190196
43.3640061575
32.2219860253
30.8703130151
28.0261041619
26.6039606811
37.9619839823
40.662198591
27.8649612216
27.9611709266
34.0291195417
40.8593808309
35.9577525422
41.2923757129
31.1763853012
39.4673203862
41.9722422025
29.9551552815
38.5615120621
39.2059810803
37.9823756778
34.6768893234
32.2857396417
26.0539716574
38.0969583997
31.4747165924
36.9174091865
36.5612407157
28.6986769775
35.1876780855
25.0207987056
33.290147379
31.5180624061
37.7689824306
33.8944353732
36.5022432186
26.8832644338
31.5367189609
37.5350557546
37.3956395345
25.0505894846
37.3977198496
31.5759529238
28.2846964022
30.4006847295
31.6720832353
35.4564260276
36.214926629
36.7612932016
35.6001159589
39.7401699289
34.427784554
31.2580880236
32.8343923228
33.1327076895
34.7253287402
28.5044456394
35.4130278567
37.3167523832
30.1308604202
35.4086892674
22.6589137087
32.5338851271
32.8182829654
33.741384725
35.5607530098
38.3140452764
34.9974842844
39.0376936282
38.7446759775
37.6131493853
33.4790991428
40.973222001
28.7539033525
35.1836816936
19.1765018395
42.7891306552
36.275167765
35.1742632495
32.4599945143
38.8495016504
33.3652301196
32.6438684357
34.2458506341
34.9328328886
29.6871286592
38.8305999642
37.6045308516
33.9766309516
35.6301464884
32.8823681066
30.8838723072
27.3276376471
34.5045324373
33.4761011599
35.7728857056
20.9255821129
38.3134781605
29.595289382
30.0830367903
28.0409256349
32.9938082828
32.6664646417
33.2232069625
29.2518375439
34.6211992696
39.4878971332
34.4355396135
34.9051947449
32.6514206696
21.7870014171
37.6267253539
30.8317080007
24.9553479116
29.0598335993
29.8018383399
29.8506524955
38.6626775958
37.3484371621
35.9707590207
29.4097388152
30.0234447977
32.6636210125
26.195567599
34.8074150021
36.1794580669
39.8093397811
41.8135957743
34.5258020451
42.1514451905
38.8743747622
38.2210083304
36.3747345122
31.117534429
27.2777880834
32.0827720592
25.9232524436
35.8019070359
29.1536109244
33.5232700407
37.9098746917
34.5611158436
28.7670698093
32.2422617664
32.2946158425
38.8585801796
20.1797307651
31.3319291169
36.8081803002
38.155688856
36.7037960174
32.9664248477
43.2319734208
35.703090429
48.1723754625
38.3634921406
32.1379563088
35.8037807276
26.8880404133
36.4722565727
29.8081069491
32.330916052
48.9938134952
36.0060689794
32.7581308206
25.9995690294
44.8300029399
34.3651129773
35.6094735057
27.5844831103
34.1126255821
38.7382097483
32.8710760927
26.3064114168
35.7339632502
31.1021013094
32.7672388353
37.3849567442
41.5823478402
35.9557169997
22.7419118471
35.7632520431
29.190150732
36.5989471469
34.892741124
34.0498391119
31.272230795
36.5608619167
25.1787435513
24.2219538155
32.7510218489
27.9695406778
28.4430471342
37.872205709
22.4529148824
39.3415541586
37.3115002288
38.3010179402
33.9173218618
36.9593013269
36.6791716896
34.6299648509
38.2070661363
40.9139694555
30.7728807647
33.359326368
34.7331162149
29.1911458878
34.7408657419
34.980722222
31.8623616715
28.0692246956
33.6857514062
24.8553592559
28.6669367308
39.8031890441
27.3578940109
26.3571511896
42.7124232098
36.882919969
31.974484162
36.5797452333
38.5876447807
27.3413986395
40.9185252091
22.4789554648
39.3766059463
43.0641826932
29.088886792
42.5866175438
36.0536509275
31.8557379229
28.8329716379
39.6812380356
29.017360818
33.5630441358
35.9924035229
41.30655458
29.520389462
25.0633827663
34.1023289597
29.5414265017
35.7176840332
40.0304405558
35.8620451418
37.2792032739
30.2295047457
44.9305764481
33.6890133579
28.7988614573
25.5036545609
23.5528905574
30.5779209774
35.5102819212
37.3082744052
36.1392577069
37.0911431547
37.8166291919
34.0260019674
27.6939041072
31.1965959949
28.156095815
32.7239097092
33.2177665275
41.5956060842
35.6896868137
31.929671965
37.9486808098
33.8769754477
36.8908014682
32.5854044168
34.5681445541
33.7711499222
32.7416315705
32.8495833774
34.5552270488
35.0131277651
40.8039550098
42.3717675563
38.1537404766
34.5019360255
29.0988127974
34.8175603103
38.384830411
23.5913401883
39.0657857801
33.0782793464
27.8023307343
33.9637453071
38.5522830011
32.1632418164
33.7263258764
34.9912133051
39.277048947
26.9446838719
40.4445721595
31.0714790356
37.6570718607
25.2456446653
24.5435028829
34.4403468297
30.8517830105
33.4633911281
40.8098300197
30.4453033792
33.2661489057
29.0379328617
28.4927400832
33.7967254033
30.9201256836
30.7586430678
37.3858364725
25.9517526341
32.0238136109
36.9836091976
32.0489580071
30.0075965231
32.6908178163
34.2823651892
38.0122108739
26.9611775035
33.7263326285
29.9792417759
38.0701364161
35.2223309624
36.9141877403
36.5086344351
42.9548915599
36.712063749
28.8090306738
25.3266680929
31.7241642506
33.3205775239
22.6322826859
41.4807741288
32.9414138279
36.900414315
39.4002733045
29.208972178
28.2722102731
36.1946184364
37.0627216167
34.4400252882
36.669575841
30.500635279
34.9276899467
39.0893059958
33.5784932531
31.0455058698
33.3928812242
30.287622436
39.1194607009
32.3374103211
35.5916407931
39.4531350439
31.3233863886
39.4328405019
35.6112906705
36.1279744696
36.2302323113
34.9664491112
31.7919000669
34.1457362873
36.322408049
25.8945216541
29.4933410394
34.2542094613
37.0960261105
27.7961774227
41.2108127312
25.7442835267
35.8885352055
27.0578386115
28.3714749966
36.3675492125
36.8672074322
29.3947261127
32.2104268113
26.1639051829
41.1102418783
40.9163062757
38.0703691739
23.9766574569
34.4236576051
30.3097736812
28.6610125167
32.8112681175
28.1489643995
28.8102182372
33.5597966894
19.2331687401
40.9360002087
36.9372060829
31.2303273324
32.77930767
38.7138269486
24.6979453329
33.7908500921
37.2337034238
34.1145332099
29.9452700571
34.7484483146
29.9330028575
36.2196152985
27.109827457
27.2215615065
30.1460627799
37.5238626532
23.1686003216
35.0879095864
39.0796955763
32.3661639686
24.7415424171
47.3607188145
33.9461135048
38.3642081752
33.0873668937
28.4684752926
33.7086786017
37.7609466887
24.003298891
35.4261899491
29.8956131847
27.9960383665
28.4304819308
37.3627722938
37.386222354
28.5905962985
39.1081209587
36.9423072994
29.4841045121
47.7209552245
39.760722626
41.6647607862
33.9847242317
35.2136374512
28.4987508277
26.3024052993
43.5651915864
42.3779115349
41.664359388
23.6660562055
32.3253315175
31.6393412165
35.9374093199
31.5667674497
26.3488352529
40.4561931437
36.1708378113
32.5815749567
38.6687820461
22.8272625213
34.442141266
26.9360435952
29.9912855641
34.2697291499
32.0327722249
28.0642984759
29.8095844045
35.0841630549
29.4292371901
36.0373003685
44.2979372308
35.8086230815
25.0338500381
32.1773993848
32.0474410749
37.6663779749
34.5598431543
32.2521031935
40.2150039803
34.3638289109
39.1318217854
33.0647095153
30.0978652016
43.4049862793
35.268547362
35.034992742
26.8197856194
35.8688163319
35.7703837589
39.9104692857
25.2819225889
31.057251225
46.8560168915
38.7821342365
34.3924427193
41.1968200267
27.3647378133
33.9730873539
44.9112317098
32.3957593739
31.9261439061
37.4459494647
46.4294526916
44.0214294541
41.6840221851
40.5624227698
38.0272663052
37.5155569115
34.0148724156
35.6667979463
38.771505292
33.916739786
25.6522850141
45.321442616
32.9886491434
22.5258115606
28.6115253454
40.4835992558
35.1928570559
47.2935783114
25.8313810058
32.0784325801
32.4275696012
38.478834605
32.2743474288
39.249742994
25.6124637965
23.5717180761
30.5398538171
24.1233927243
36.6749677679
31.7457650764
37.1954855753
35.3421569444
33.0674888328
29.3371835995
26.130042834