38.0518375285
31.7075173234
33.1915333064
33.1831218563
37.8855500122
41.107277055
40.1642501813
32.3213740234
33.5228539954
29.4581293033
35.0123056742
32.6541309401
31.647149813
30.7554319269
36.5030336866
31.3540160427
35.6298561421
32.3521070606
40.726550812
30.533044431
36.5993995449
41.4990775284
34.7075482451
27.6490389017
36.3099643978
19.8906274203
23.5183425156
29.5746410721
42.354609371
31.9366785922
33.7943168766
46.3820933644
41.4763369131
35.6298517549
25.4692513403
33.8183398727
42.1284301493
32.3475005754
38.5614312899
31.8294692483
32.1045338939
28.642435821
35.1238536476
35.0954420609
27.8969518229
30.2614449864
41.4327086548
43.1924353112
36.6826387778
35.6605648448
34.0635113755
26.3775341512
26.8989572909
34.6968537519
37.6768622167
30.9220294038
24.4961610321
29.9180302705
28.8808649902
43.3358477149
37.0151452106
29.2419491565
39.0337061876
34.4085908165
38.009251971
38.6587919987
26.3333371982
30.7254479857
32.7439186786
28.7318403531
38.2650082896
27.7449450663
29.9797746464
30.6911271791
26.1519170307
36.9701991396
33.3779362793
33.1410938118
32.345187911
39.9861299772
28.5708275598
34.3105418307
32.4181542982
31.0531323978
41.1389171892
30.487623538
35.1225636145
34.4949359482
40.2552434544
36.7479009111
38.3680070288
39.40202116
36.4089436393
34.4321237875
30.2421504971
36.1529047804
27.2537057425
38.7432378616
42.970650508
24.1098567814
35.7019595133
36.9651308081
31.0580910061
34.5755272096
25.5162393101
33.7121509566
36.19452283
29.7004245603
42.4637465723
31.7267663363
32.0493364297
28.2831755186
30.3635295231
34.4300545428
26.6979726774
33.520971065
37.8299948956
46.175348096
38.2858319446
36.9043836843
44.9592309481
30.5634450883
31.8923749512
39.3339933897
34.3793790876
38.4430483434
30.0153671174
28.0737383008
35.2394575406
40.0030542552
46.1477656103
31.5313688717
44.5669646901
31.2240891515
36.1837019318
31.150007722
22.8584496045
42.0282970396
28.3741349302
29.72297769
35.5327065722
35.0292965932
35.68622901
30.0782029996
35.9652443778
30.80869705
35.481828266
32.0985729326
29.3027670262
40.2559853027
36.9162816097
28.4387034227
36.255655877
40.3948148625
38.2720314445
30.2842397092
27.6818548703
53.4312478623
31.0735398978
36.6565500596
43.5201414451
27.1981408788
38.7453319424
34.6944710324
31.8256492666
33.5158316277
20.5254982939
32.3093662358
26.9504420194
35.5089002373
34.3712873037
35.1188224292
23.8119892293
38.4421547568
39.2362870099
32.2489493739
56.4068158063
26.5002400272
36.2079325571
33.5847667763
34.4833340104
22.0685264754
27.7330529665
38.8247673645
35.2588196738
30.6800740371
38.5847652926
40.7656146043
34.8670126512
29.522136499
37.7683247729
36.9659783036
37.5812166687
45.1848338655
36.0026544381
43.2477197036
21.8969609185
40.1248278145
38.5079054442
34.5991568221
36.8146248171
35.9581093645
38.2387111308
41.3004014143
26.585341097
30.2979956338
26.782218278
32.6564307885
31.1910364021
31.3278691535
37.1752817286
50.4381500721
33.0437741931
34.1854428564
38.3131541835
36.3763040751
27.3207136075
31.953005011
43.7092240128
33.8329516849
36.0177248206
35.4477901938
41.597151424
25.3831398459
29.1913128551
28.6016550281
23.0543775141
40.8887607298
33.1853438135
30.0579570374
30.2610198478
29.9546610943
36.8961414502
41.8992383583
29.3268572938
29.7232315649
35.1483248431
31.7720866501
34.0935082598
28.725657397
36.6985727532
30.668534682
25.4500009215
36.7058799331
39.210178347
40.3504970583
40.0461162796
27.3881386714
38.2937224839
28.9012224391
29.8771682588
22.1922368051
30.3813684699
21.282150199
29.3366310486
35.9060191539
25.3294611212
33.9606793044
32.5519192111
38.0776968957
24.3626820081
34.9369909172
43.6152587907
30.9725188219
38.0581144946
34.9408014168
29.0384029334
28.4880196128
40.2318920681
39.9462488795
34.6283873965
49.6331621015
24.3320633893
33.7095320362
41.5234283229
32.5624447988
28.5226673014
33.1518206151
26.8416116758
41.9304144795
37.771420695
29.726827564
38.7740065035
31.7652173599
29.1885283657
39.6128830333
35.9965055869
37.8577516059
30.7595923073
29.6522888495
34.6011195945
33.2270355873
35.7893096284
25.6051316996
34.6358866194
44.9512667963
32.7185286593
23.8038702895
39.3203681869
22.1411164997
30.8869524484
45.8649963646
33.8574879586
35.3861622862
43.5346526029
35.407852028
34.8557781257
28.3917315465
34.3867852577
27.9445296327
38.3459611034
32.7389094712
30.3829632187
33.5665244395
46.0366109393
32.5910150168
37.9057950269
33.9886821782
31.1398005333
37.7207810288
36.4537906033
32.2293989312
32.2647300546
39.9318917428
31.8129106041
41.9493566969
30.6659938308
30.9446142839
30.6490006649
33.128327846
34.2315532049
23.752417157
39.7756290489
28.0973803148
28.0476818842
39.3359021827
22.7847605813
32.1135967787
28.4756070456
40.1702464603
32.9467351544
25.2896905652
27.7011300232
28.5280819566
41.4424217078
42.6806102519
34.4858853707
33.8539082915
27.9205841342
27.9507484294
34.6395183398
34.3771823713
40.6183172624
25.9579424173
33.3089799528
24.2356830851
35.8306203429
36.1206600659
34.19291496
41.888660386
35.060557135
31.7468672822
29.6051786068
35.3337400891
31.7667085627
34.1127534541
38.5957436069
25.8969984515
31.6118510745
40.6275739379
42.2616663955
41.5253121557
25.0677117966
27.4391228125
50.1198366078
30.0479566082
26.7105947815
36.9826038062
36.0524302191
35.9476267364
35.5760412104
23.1826850804
41.0828387389
40.3777063721
30.1429561038
40.5342079675
40.148456904
29.9655061055
27.152711144
37.2338103712
34.038268043
37.6740899011
32.9283393222
44.666038314
43.0816276644
39.9999845787
33.8922964143
38.0934645002
39.2653920922
28.3762730193
38.1678365501
36.6472255441
31.4979739309
40.2317695835
26.7822609046
40.6270441871
21.7343224349
40.4913821531
43.5714325181
32.5833126008
38.2899883316
34.8203176299
33.7646434879
36.6311049686
28.6138557474
36.5629253105
28.961300242
33.3535883791
36.483588565
33.2983138439
32.6549050713
30.8871532447
32.2199687746
35.7039946023
21.114879704
23.017998294
31.1456455188
34.7906871331
33.472313146
35.9622955507
35.3271871207
33.941019644
32.8366030395
40.3319353102
34.7518879945
38.5275875661
22.4150234594
38.3383002648
36.3447947119
30.1748991966
35.3626070976
36.6465881525
40.1758753839
38.8787847561
28.4937960734
35.4696764927
36.3316741813
37.9664284685
35.9038680599
36.7348165686
36.6463330468
32.1923095447
28.7402727396
39.1961029512
36.9196284405
39.5931068447
33.291222027
33.6081728047
30.1729364674
47.3927903547
27.2467418551
29.4779546499
36.9076293544
27.4869111516
27.6980210113
35.2813249797
24.7796660113
28.5559964241
30.2954349424
34.3521305509
28.5783337467
32.8516452167
30.107262842
27.8985820171
36.1086967603
30.6017877471
39.0588389601
31.0422933183
36.4438495958
30.4199821671
41.7987812363
21.3860724293
35.325044076
37.7186318196
25.7191933141
41.9684998368
34.4279784862
35.2248299817
28.3180666694
22.8116615838
33.8280274642
35.3166161286
32.9352875293
33.9561744468
37.1347337885
27.8076344628
40.0838432678
35.3429997087
27.4715743983
34.6504796243
28.3223735339
31.6279733624
40.4836957786
31.7340066149
30.1822737031
30.7556405634
40.9100857083
31.424525965
34.3687964547
34.9856428052
29.9429712604
32.372404851
42.8243991986
27.9247634208
30.6218706159
38.5710793956
29.36398891
32.1551249416
31.5770962662
29.4995291153
30.7433857724
40.4895559391
35.7663019799
27.4218305767
36.9487711946
47.1704652217
35.3469467648
31.6685779306
32.8444496839
33.6749915617
35.5952568732
29.1975578476
37.0031027278
40.9257351326
31.2843419238
22.5468913718
32.091653986
35.338546521
35.7690663139
24.4329075708
27.13546583
33.38029152
32.2568787962
32.4013096158
36.168248004
38.7534935828
36.0865354573
33.5137807395
35.0486647936
35.3122636479
33.7625436682
41.941706988
26.9022336534
29.9498133953
36.2339921677
35.0070448914
39.9046934146
41.789437664
26.9119869071
31.0090820677
31.5474078994
26.5854303221
41.0313749199
38.3981896744
27.5329703272
28.2025775249
34.0300018084
39.3102787573
34.4394315636
38.6011603764
35.728741666
39.7394248227
48.8048254574
28.5219859131
38.7393793884
35.3440399366
38.0924513399
34.3468017362
32.6491330337
25.455232465
36.443522264
32.0431997146
37.1662490948
35.2923785053
28.6585112426
35.321468878
24.8108629479
33.3975190463
31.5167793095
37.692817432
32.1921430201
29.837023137
26.9508453138
31.5066331544
38.1143500576
34.1757366408
25.0523169254
37.9535084533
28.4617959636
31.7300259197
32.8131732933
31.7688988346
36.2196508357
33.609811081
36.4465920825
34.8609149194
38.3398412719
34.4281155056
33.0197754624
39.8788555718
33.1327277636
30.2791176138
28.5817683144
35.7275493898
36.1745312153
30.148993593
35.4209909689
22.8884636432
32.7478132368
32.8714143708
39.0000548262
42.8822710718
38.9456038003
34.8104638164
38.1560807936
38.7788775035
38.1684236567
29.5668037109
37.4865998418
29.1105690718
34.6111089423
18.8674724686
43.2233704301
38.607820884
33.3707614005
31.3680608435
33.8591794241
33.3652917627
32.7154576057
44.1900167864
34.9340781325
27.4219313048
38.4672320656
34.9590889419
38.1372387884
34.8028237993
33.1005414748
29.8091933859
27.2710440874
31.8167496835
33.5912343324
36.7757965927
19.6775753194
38.7015373745
25.2871502813
30.0868557787
25.5885101102
39.6176341141
35.1114030149
33.471197768
25.0604828601
33.1553687348
37.3509746027
34.2260825585
34.4571606716
36.4865175269
21.1403534999
37.0421339968
31.1789785116
24.9278976148
29.1451903096
29.8020187254
27.7307869273
38.7663618817
37.6272364738
36.269442259
28.8139166218
30.5372188552
32.7507175509
26.5124369082
33.7741287219
36.3841488832
33.8150783942
39.4743772223
34.4434303288
40.7319081517
36.3187745386
38.3744022382
37.2015289224
31.1160070004
29.3751446262
32.2744203281
27.7803519846
36.0177093164
29.6040814629
31.497367608
36.413983442
34.7662096997
28.7692776198
33.1706229078
32.0249783732
35.9357077456
24.1988320479
27.2161169236
36.8395428784
38.7064768045
36.0197299441
33.3355936213
41.8459467729
34.5544983443
49.4869275161
35.9836694184
32.0688868885
34.854079264
26.931483201
36.1166554359
29.9947031188
32.8926662201
49.3407460242
35.3815550105
32.7711363175
25.5997394197
45.0257976251
33.0141109701
35.8491816001
28.2642795936
34.1162510462
43.4074033901
28.4292761676
25.5724581317
35.7255464352
33.1369284701
32.4814476973
38.8712433807
39.9151147378
35.1274156756
22.7419135995
33.8634976978
29.3486988531
42.1769433067
32.7542255076
34.40477887
31.2181437183
32.8973694472
25.1805415744
24.2946625529
33.2249816146
39.6559143627
28.5931634255
37.8296864573
20.7681757748
42.8330791574
35.756161442
42.0252808061
34.0951793847
35.3674083724
33.7989343991
38.4334685377
37.6794423091
40.6729682905
31.1100694202
33.5755939861
34.9640161752
31.9749226905
34.9530175733
36.2873882821
31.6012620226
30.1134262023
30.8841079544
22.0575477108
28.9812920284
40.5718052597
27.2958892658
30.4322111537
45.8044313114
37.4758318838
26.4584647867
26.9300889884
37.3443034849
27.4044766548
37.8496929658
21.8331438703
36.777964586
37.9337077733
29.26662513
37.8015176419
35.6720843361
31.7618621736
32.9852057022
39.6825214317
29.0178766417
34.3226845776
36.0897987129
42.2925847976
28.7100906127
25.356740854
34.5897532084
29.3249708255
37.4259665974
40.0952706996
36.0146236038
37.4927570079
30.4168567916
45.0299869264
33.7822855187
34.3957888544
25.745677106
23.6273403143
30.763323217
35.5124423718
43.5175935991
36.6928408588
34.9251034872
37.0813579041
34.0451526781
27.5796536792
30.4376640047
28.1476011937
32.7247876139
33.2875905466
42.1089949202
35.6432343013
31.9297163888
37.9119721834
34.897746239
36.4837095245
30.6713489224
34.3101605288
36.0820376575
32.8160824204
32.8511808899
34.7688366651
35.5063382468
41.2215425408
37.9634909798
41.089778151
35.167899274
29.0699543724
34.9952463476
42.3220560542
23.623027121
38.2105499778
33.2418246649
24.1183814798
34.112050969
38.7312353983
32.2522417835
34.5842254475
34.8451575739
43.3704843709
27.0807470479
41.1601851236
31.2594083355
38.9677002643
25.0942292204
24.566414572
34.5473905285
29.7199376248
33.7859186846
40.5443834471
33.5618653452
33.2709036374
29.6644077257
35.7111289199
40.8421589142
31.7461883743
30.7599788331
37.2433594259
25.9080816283
32.1278209264
37.5829998581
32.0489985184
27.606049494
30.8970389496
33.7930372523
38.0129510971
25.8427471803
33.8226083776
30.4234524446
39.0330493687
33.1407988013
38.0277896829
35.1729451989
39.4002464158
36.4801619934
28.8132397234
24.9648176061
30.7848529554
33.8566763634
31.3906148625
42.0344106522
33.0727751481
36.7018778976
37.3152492121
29.1741937485
25.7478558022
31.3592302256
32.85297509
35.4675314612
36.56260275
30.7347155248
34.9300580188
45.9389632271
33.2675239407
31.9768915575
33.3010301891
33.3194927898
39.1374058812
32.3782454002
35.5371069109
35.6456624578
31.324206586
36.6986778038
33.0147071241
35.4001925533
36.625848642
35.1722631072
33.1185406924
29.6623144836
37.9945391334
25.8521674396
30.4896675425
34.3100429707
36.1102642564
28.3808933402
41.5408866638
26.0567970585
35.889044923
27.0590718106
30.8825200936
45.1970427142
36.81705714
29.9361637341
32.2081723817
24.6868707082
41.2906784949
44.9619109691
37.4169767899
24.1214891044
35.1344867623
29.8721741352
28.2986165635
32.8175440746
27.5217381564
28.8169856448
33.3549018588
18.450398888
43.4670609384
37.1278105406
31.2916555891
32.8366220513
38.4690309001
24.399516289
31.6101543407
37.3193995914
34.6720105465
28.9153620352
31.7175359154
28.9032172198
33.8262391671
34.6105278888
29.2026017156
30.6296036309
34.1314179511
23.0450478063
34.3410368111
34.7799688639
32.3687511217
32.2550891288
48.8232259453
33.8307259235
32.6663792768
33.4556551712
28.7240646525
33.7709142798
37.3794500689
24.2536588627
34.4933284663
33.1929749468
27.0720939004
27.5701634397
37.3630554416
36.0858109384
27.9964666356
39.5692516074
36.2225584193
29.2214702973
45.5231883729
36.4449060623
40.5648354703
33.7269295333
32.6514577329
28.5536729643
25.7697249861
43.7074049689
42.4376189461
36.0174988945
23.6660658805
30.1481218168
34.1152915168
35.461876887
31.1629035496
24.6512079611
38.156895598
36.9948304988
32.5824311346
38.7943484012
27.2274981917
34.4720710312
27.1578450232
33.8174211753
34.9599231526
32.0332128324
26.6994012699
30.2788143714
34.2553586923
29.1112241534
36.4600520667
45.2435184216
36.2993308918
25.088717487
33.4014932902
32.3800795881
40.5779131745
37.5250236937
32.2011884973
40.1281656802
34.3679334748
37.6209537751
33.7453234772
29.7391219334
41.0676679904
36.2355915079
33.7266375972
26.9861643163
34.0227619094
33.9812169982
36.3094387364
25.0767174487
30.3385363005
49.0768924932
39.4826488837
33.0162197045
41.167839053
27.4566758208
34.5503276183
40.7731040994
31.6690377487
31.9274670226
31.7399278411
46.8840423169
44.2200375331
39.7160673961
40.9298716199
35.632111899
37.8338220804
33.3679158718
35.9631437051
37.6518754712
34.2278161814
25.6390949407
45.7440072135
33.0737847857
22.5295169975
27.2555885504
39.2413304339
33.9292449404
44.332883072
25.9463080684
33.2958742443
33.1380509084
39.4154811995
32.0780657843
39.5945867219
25.821483319
23.6414790254
32.2147682928
26.2484378515
36.9856694067
31.7457840799
37.1078915367
32.7576993707
32.6462023637
29.2105719682
26.1401519235