44.8180085346
39.1942661423
35.4499671739
34.4479928634
40.0635160895
41.1286984942
40.1645312183
32.3219285219
33.5230934341
33.5800625034
37.1330246941
33.0777416972
34.1342853863
30.9401372011
38.7563097128
39.1132864266
45.6180783579
32.7754785047
40.9231930264
35.6185716105
37.0603691312
46.1241031639
36.9060741393
28.2878351473
41.1216989076
28.9156794037
23.5184104892
29.5752111602
52.4222981022
32.0753005895
33.7945994695
46.5818987452
45.0190430439
35.6301203948
25.4692513403
34.3104545554
47.7076461637
35.102277233
44.9871423055
39.0057704332
37.0022122091
30.5399906825
36.4554314766
40.3893792072
34.2361489514
31.2063407506
45.5022126693
48.7013481661
37.230576191
36.5901107293
36.7242050318
39.6886230208
27.7323669219
37.056749023
38.8016178388
31.8164037333
24.6202179769
29.9180302705
31.9955333771
50.0331310081
38.1470582746
32.5683924131
48.0168186402
42.5181656849
39.3869849913
44.1860958466
26.7488204917
30.7254479857
33.7893589187
28.7319918958
40.4138359339
31.7968279954
34.5448247446
32.1872956109
26.1522280606
36.9705638302
33.4230524655
35.884395345
33.6932836195
42.2694794431
30.9400325806
35.8673590004
32.7222168117
33.194148254
41.3125109519
33.5072725523
35.1235421695
35.3036895817
47.8891936686
41.3736609319
38.3680070288
39.4048507151
38.5748307479
34.4326021361
30.2422023307
38.8572676533
27.2540568802
38.7798355788
45.3821487917
24.110177785
37.3413940934
45.1596061356
31.0580910061
37.087655169
25.5914529868
34.5304921283
36.1945333246
31.0720233356
42.4637465723
37.6034576741
36.1043576949
28.6298202078
30.3635295231
34.4300545428
33.7455712555
34.1286195111
37.8301763115
47.8187438367
38.6606606706
39.3964349315
45.2207845484
30.5642310772
32.0992780264
41.9499486884
34.3913316635
39.4004171224
30.01537834
32.5011145971
39.5761610146
45.6996857003
47.0207512634
31.5314332882
44.5671195581
36.8286933188
37.037824054
39.926993455
22.8584532458
48.6357566762
28.6057409569
29.7236433962
41.7613489724
42.1749491157
36.5242085303
33.2796641664
40.1768557957
30.961264513
37.5911395029
32.1193745719
29.3028319978
40.2562488564
44.9310876845
42.4145494449
39.7745498197
40.9665789902
41.4769511008
33.3362518936
27.6824888036
53.4983073148
31.1396651402
37.2520079902
47.1247814715
27.2734536353
42.0570929176
35.3322998719
33.1835522898
34.3537319376
21.3258154667
36.5841202067
30.2974356942
39.2047702945
34.8717463907
37.1523132474
23.9257870575
42.5444471792
40.508505061
33.2921182812
61.3778178592
26.5116303855
40.4375717852
36.1718959747
34.4833485264
22.0685264754
38.4799149322
39.9145836767
36.4234776582
31.9473136446
39.7764406455
42.9497005185
34.8678041497
29.5222617767
43.8130529998
39.8801145361
37.5818140433
48.8818487205
37.766947938
47.3408027654
22.5441178477
44.4890696266
41.9394623309
40.3094421676
36.8149188177
39.1997297765
43.2455948403
41.7762951958
29.0482224957
35.7546677479
26.7823028905
36.1032489524
33.9318364526
31.9198576113
37.1763647006
52.1505016797
40.7236108957
34.1854669647
40.3509368172
36.7970585934
27.3209344618
31.9532768549
51.2030752377
35.0124305122
36.0191272079
38.0240469609
42.0745550436
25.3835492007
29.9427901908
30.8394528962
23.0545937465
43.293262727
35.3211007789
30.0580389839
32.8256307611
31.0073138183
38.8018129051
45.5997242398
37.6230966134
29.7233598096
35.1490050746
32.1393290279
34.5286342163
29.3144205407
36.6988778978
33.2134822308
27.4487686811
36.7856084406
41.6190170663
42.3997205154
41.1615092381
31.5668199964
49.0985495443
28.9016765659
32.1989172378
24.9411462627
30.3820400333
21.282150199
32.3148181488
43.5518845114
27.3894165453
36.2814512996
36.7542526955
39.7402254148
24.3626909402
35.5751722729
47.8207541703
36.4738466044
39.0748598133
36.2511093858
33.0184236296
29.4138613504
42.2303606661
40.0248518269
46.3776778049
52.7996078932
24.3323448938
36.2707587367
45.7733452709
36.8045067671
29.4381521833
43.17237765
27.7913436492
41.9307425959
38.3118361613
37.1543878672
40.5445561761
32.0990274695
29.9228138787
40.5767593103
41.1518557667
44.4176469987
31.1007117473
30.0622556949
38.9494207142
33.227925699
35.7895780383
25.7390152953
37.8840437289
50.0911069808
32.718581999
23.8038702895
39.6509575432
22.141120436
31.7767280386
45.8657416262
38.1360319095
39.3194300048
49.5922559139
39.4992637582
38.0331068991
34.7694633199
47.7571835396
34.1558574673
42.8861156907
32.9707473179
30.3830097996
36.6282971132
47.27057565
35.0027627462
38.0011454637
37.0675863844
32.4224129482
44.2387715484
37.5210767291
32.2295073132
40.5677634735
44.8673771102
32.8287806853
42.4058370794
31.175656942
30.9449981102
30.7231152368
33.1285016789
34.4876671134
24.5487005625
42.7994317924
29.104691583
28.5043660435
43.9353757194
25.9267803448
39.2769402545
30.0155094478
40.1709732417
44.527122521
25.2897527773
28.9320010567
32.3803705368
41.8720699971
48.8450192228
36.7557221294
34.2187363942
27.9525668628
31.0406634483
34.6395944896
37.9052196862
45.1494692217
26.9921703694
33.309530227
29.1611101929
42.7257821935
36.1206600659
34.1929183224
41.9634183155
35.0616373111
31.7472817173
33.7854840865
35.5848997572
36.2280216195
34.1130595808
40.9496750635
29.8037411225
40.442290314
48.1751712835
42.2624770117
41.5504707253
25.0679870844
27.6848546555
53.252176078
38.5979416222
30.9980550946
40.9956057598
36.5422720268
37.970191311
38.7539578849
23.7300156141
44.8465045351
45.8437827724
30.1432499354
41.2362733454
44.5736014397
35.0441635389
27.1529343785
40.4053426296
35.5884198496
40.8530317603
42.2465808942
46.1802671784
43.8698720996
41.5983052139
33.8927543029
40.1006319578
39.2654347433
35.6484845106
39.2463790037
45.9303405992
33.5342368813
42.4414716052
26.7825324257
43.3623895409
24.0347687484
48.9584041486
49.6386535853
33.9828712946
45.0277063504
36.6688545213
35.0180871638
36.6313483998
29.4862943694
36.5631495563
35.03914717
33.3543100107
39.0042358845
33.437054424
33.7429011107
32.4682427979
34.3680531569
35.704179428
21.1149494645
24.5627332386
31.3749931867
39.4984191781
34.7482500475
35.9626316135
35.3366952537
37.2624409017
32.8367994995
40.3320259893
38.6295670575
41.008281875
23.534713271
38.4051741501
36.7750508054
30.2490065446
43.0882290006
37.1861206724
41.0252626424
42.8695995043
28.4942037705
43.2004313085
38.7394535684
40.8112737429
36.8253573477
38.1624061391
37.3380230875
32.5694397853
29.443620775
39.196695146
37.0333346546
40.9295060438
36.7947770192
34.7172018621
31.4336674441
48.822529087
28.329368361
29.4780049362
44.4860623562
36.7240823054
27.6980239338
37.8127626415
24.7837030684
33.7567140198
30.2963792295
37.009290147
28.959055732
32.8518690249
31.0458855485
27.9110550844
36.9834801055
30.7138445179
40.5719029749
33.2155517011
36.4549357561
33.2298512692
44.0221099554
21.3860906311
36.9876162278
39.5551077604
25.7192538011
43.313524042
37.563031028
36.2703859478
34.1506115191
22.9485213668
34.1573962867
36.6790579136
33.2496325211
33.9570818168
37.1348194833
34.5243325619
40.084108789
36.4863841844
27.4721751096
36.6279706959
29.2421100125
31.6282250317
44.2950723616
31.7353672715
30.1823731874
30.7564389246
49.8558438461
40.1172674234
34.9851521866
40.4518832074
34.7027209766
34.9105268176
43.3465424243
28.2127042208
33.670725727
38.5713809668
29.3648075159
37.2858857816
31.9249347724
35.7551075428
37.0864766844
42.5253872333
40.7233832421
27.4218305767
37.0962447089
49.3602296419
35.4714770891
40.6249522905
33.7739264993
36.5618225567
38.0425742968
29.9259036732
38.6718410834
41.8691090461
35.1906812616
22.5470965717
32.2743588318
35.338883724
37.4329220903
29.7493629174
27.3908801981
33.380519523
32.2571192523
32.402054946
36.4380924822
40.1765481231
40.4555736584
33.5143668372
35.6216384869
37.8145905875
33.8289389724
41.9424428033
26.9023337067
29.9505316635
36.4275930159
44.8129311333
40.3469920419
44.339020166
32.6879014363
31.0608932213
41.1072878721
27.2831756815
41.1457567783
41.1516561806
28.0214668202
33.5430513004
34.0304429418
41.895867346
36.4336769925
42.1494109032
43.1296588848
40.3746624837
53.0080059992
30.1217982336
39.3292039933
40.4067711694
38.1965688671
35.0056968094
32.6493324187
26.5132807972
38.7646913292
38.747278052
37.1662490948
36.9558355459
29.0928894711
36.3283630561
25.1903114012
38.691350562
31.869745294
38.7138879207
34.2013554952
37.9839884697
27.1538170436
31.9192231251
38.1152786832
38.2851114975
25.0525328555
46.0924997777
33.2701474153
35.6690659045
38.5066750259
31.768988799
36.6995283274
36.5519025532
36.8298788261
35.9275690648
40.4417691682
34.4285567744
40.1715854321
47.1856829153
33.1327291019
34.7592003039
29.345769852
35.7437455736
37.5472698447
30.149023643
35.4210533208
26.0925343842
32.7480860353
33.0433244931
40.4340767751
43.4751533569
39.247627393
35.3936403313
39.9092161461
38.824256465
38.6921141346
33.8457073621
41.4835301836
29.1107908142
35.407636235
19.2627767675
43.2235902788
41.47075245
36.2658711167
32.7600349611
39.6172645008
33.3653445997
43.4759004204
44.1912232483
34.9342026569
29.8981855121
39.9899626097
38.812581586
46.2522573811
36.7484773595
33.1006658724
31.2750798135
27.474344064
35.805018322
33.5914803405
36.7762979233
21.0380051602
39.8340639461
30.7546953953
34.6359942155
28.7782753453
45.00481877
38.2690477288
33.471197768
30.270722384
35.5746581405
39.5036490556
35.1227682647
35.2509604378
37.9302929002
21.9029308295
38.2649713774
31.2284975903
24.9859546607
29.1453382704
29.8020412736
30.6977584839
44.0218940731
37.6990502297
36.269442259
30.8202182942
30.5375924702
38.9592673992
26.7425852182
35.4081024594
37.073345678
40.5960901426
42.5297834602
34.8938170918
43.5369472823
39.4688572681
38.3750470331
37.2027823588
31.9845168435
31.6110799591
32.2744203281
28.4597974163
36.6181730815
29.6045583473
34.2209495249
38.4113647429
34.7671961756
28.7692877761
33.1712697693
40.8008245399
39.716367043
29.5051639632
32.2357777773
36.8395764941
38.766241929
37.8182220068
38.4281180308
44.3328158215
37.112962027
51.6223619028
39.1068034661
43.7575251178
36.072522315
27.2674596057
36.7909245372
29.9950199851
32.9035668973
52.3831861112
36.6511561947
32.8911780841
26.125695713
45.4522135485
35.3594592312
35.8654904934
28.2645943329
34.1163775083
48.1463626412
34.3262622115
27.0332676181
36.1190525581
36.6122516052
33.0556180007
38.8876026026
42.1050576056
36.2728984812
22.7419138498
35.9819017981
30.5452363084
45.3870061977
34.9478083451
34.4054230704
32.1822948864
37.004826308
25.1805425553
24.2947786289
33.4183650516
44.0270132722
28.5936322968
38.2297975719
22.7498840764
42.8330791574
37.881242114
46.9342368479
34.0958325072
37.5398086865
37.2576471159
42.7847966681
39.04605732
47.6549607596
31.134399672
33.57610612
34.9718409784
33.5761863778
34.9530730689
48.8660645698
32.5014143227
35.112469536
35.0530041829
25.6834044084
28.9812920284
40.5907455932
27.4298839311
33.3733024215
47.4803090505
37.4761674103
33.5469454584
38.1796433281
39.1597741459
27.6334560525
41.5794929194
22.5757287378
40.1577482998
44.1832827548
29.4640359057
43.3091124695
42.5879196513
32.6641271538
42.8805806824
39.6829064505
29.018048583
39.0488893266
36.0900222769
50.04150717
29.8556968864
25.3569524899
38.7693430575
30.033757593
45.562484315
43.4509104671
36.0146236038
38.4296516049
30.8709286701
45.0301427055
36.992391381
37.1389583978
25.7458451024
31.7105752721
31.3842907314
35.5128744619
44.8884410862
36.6951990194
37.8107040377
38.6365881495
34.3472099561
28.1368982015
32.1936005194
28.6760479602
32.7250802487
33.287990269
42.1101346608
36.1109930019
31.9297311968
37.9919472253
34.898000154
38.2720551234
33.561834345
34.6362983488
37.7859799696
32.8414415899
32.8511869882
34.8968401607
35.7354265237
42.1581303742
43.4156363866
41.089778151
37.4741904931
38.7276721585
42.0509696043
43.4677830665
23.6231291079
39.5225930162
33.4379814826
28.547586157
39.486080809
39.1433868206
32.2528991002
34.6028561967
35.3140429972
45.8227453059
31.8280352913
41.1608007005
31.5838243485
38.9691692012
25.6296135286
24.566414572
37.9230028162
31.6096504895
33.8661815343
41.7963427891
33.7169287873
38.1684687429
29.6650654765
36.3280244605
42.5743873916
31.7464728915
30.7605513039
38.260899516
26.1829710852
40.6505038809
39.9333427261
32.0489985184
31.4422786457
32.9885365105
34.4237920545
38.0131529762
27.0724409243
33.8232412144
30.4240475478
44.7336783883
35.4357580029
40.4382007051
37.1445073954
43.9499476975
44.6881625083
35.4267041098
25.3294131422
31.7269132082
33.8727072466
35.4356960194
42.2921686423
33.0730105001
37.5249038477
40.9844157476
29.7286912562
28.7900843712
37.3864963086
38.3023588316
46.6870075544
37.254170515
30.7351606465
34.9304526975
46.9206395554
34.2125406457
38.9809662902
34.1985835368
42.4637111763
45.2285361102
32.3785213314
41.533015485
40.9981189137
31.3243432855
41.1870459952
36.5307353994
36.8202782264
36.7289448477
35.1722631072
36.3378019826
34.7750672635
45.0148470331
34.1483674059
30.4923324968
34.8176096413
37.1879660499
28.3814640593
42.1763188698
26.0790064205
35.8890958948
27.0595342603
44.4649227902
51.9620676614
43.0394955632
29.9365933596
32.2220395891
26.5834471856
42.2257835013
45.1444759239
38.3094653241
24.121558385
35.347425586
30.7583707223
28.7638845932
38.3955092113
28.8271652124
32.5872143268
33.8516256731
19.5011281825
46.3385811403
37.1376988054
31.2926046484
32.8369764838
39.7098487189
24.8660110757
34.8731805528
38.1316008231
35.3452109606
30.4360308186
35.4645868197
30.3131310371
37.7382739183
37.2243516731
34.4988365848
30.6299676336
37.9879077222
23.1878550814
35.2206653874
40.6029932811
32.3687511217
36.3641430662
49.575961115
34.2885629455
39.0576580373
33.4556551712
35.2015600022
34.0522914719
42.0514015136
30.2599265232
36.7482593465
39.9804705583
28.4171286735
28.7195028325
37.3630837564
37.9915351485
28.7843739324
39.6739680322
37.4481732123
39.5352423753
48.4062498166
40.2211362772
42.7257018924
35.2098853347
35.4741349441
28.9054662438
26.5788465112
44.16469616
42.4384281799
42.6837237235
23.6660678155
33.810502131
37.0796677283
36.1857129167
36.8883464305
26.5194320873
40.5563106285
37.0061552452
32.5824422003
38.7943634109
33.9939105828
34.4734738297
34.5116357145
42.541808682
34.9912532404
32.0332757763
28.3838636685
36.6566529569
35.41596005
30.1142520831
36.4600520667
45.2443515159
36.2993308918
25.088717487
40.5968750194
32.3802698352
46.5372237591
41.863900483
32.2960638326
41.8085854784
43.1113982516
39.144136727
33.8410471076
30.8221417232
44.1286862921
39.4859826781
35.5925208164
26.9861643163
36.3978741062
35.8638024103
41.2571222817
25.4300908683
31.684804223
52.1908366244
39.483198785
34.8768652649
53.3119769291
27.665795101
34.5683521995
45.7517630004
32.9365014592
31.927468106
38.1133731882
46.9083891446
45.3943257452
42.0714108021
44.5266479223
38.8335194746
37.8753401953
35.6192448326
35.9637716026
39.5613093045
34.2284786592
25.8439112431
45.7444013134
33.0742248342
25.3210060623
29.0286059577
41.7607778081
36.3045717001
47.3250089686
25.9463080684
34.1006850202
33.1387313115
39.4160953712
32.6239085447
40.0665600481
25.821483319
23.7874535149
39.9603923783
30.7693538175
36.9862198568
31.7457904144
37.7944874688
36.4114363746
45.3696155967
29.5379708772
26.1402235984