9.249987953
5.3153457092
10.7081223266
3.2956764533
5.2482626155
6.231696176
7.7822842956
7.6518793368
7.7320653323
8.3633461018
4.1526215104
6.7934368348
5.5503576323
2.4156655615
6.2319312066
8.3165864658
10.8055519026
5.9990367374
12.2282302195
6.6819214094
5.1091791396
7.9015625178
5.4634665459
4.0357192671
6.9310971933
9.2876290295
10.6111578823
7.6675325279
6.6627299346
9.8644322546
3.8552975582
9.0733743535
5.2827600235
6.9597911721
3.2166767246
5.6746745174
9.0533917918
5.7910405845
8.4602706496
10.9894038114
7.355766113
7.3673583789
6.7999156389
4.9538970135
3.577259492
3.7716504828
5.1780909452
4.9716039633
13.9463467047
2.655305781
4.3371395456
6.7996114998
6.0013277388
7.1445859171
4.3153340492
9.1014030018
8.6726240382
8.1442614343
7.7113024892
3.4304220572
6.8466718776
7.3115927565
4.1303512558
5.9498188403
6.395602612
2.4515600296
9.4812120971
10.3966737022
5.5418728146
6.1320607354
9.167801521
4.960022496
7.2307936915
6.2411762489
6.6308696621
6.7529792892
9.7414584477
2.4486279334
5.8502933285
5.7829864196
4.0881158137
6.7647531095
2.4306644535
5.9934376498
7.6434134226
6.6581489425
2.6390937277
7.5255379846
6.0700228638
4.8498698618
7.3219276411
11.00175058
4.5776933012
4.013082508
5.7049287877
6.731239992
3.5232502396
6.9092857514
12.3208654982
6.0434267194
7.0012291448
6.710835492
4.1675226442
5.8109690343
5.0382118642
6.1011726128
12.431828467
7.6914181224
6.486219237
10.1048633411
9.3309888945
5.693143546
3.4947738334
7.7170645287
8.7796038592
7.7299038178
6.4777667187
9.223986844
7.8466165305
4.4304556526
4.2598684864
5.474964469
4.1364637242
5.8173543577
7.5993420901
3.7633997297
9.3068129598
3.4964064179
7.9617046483
7.6929335039
4.7985426653
6.5465188148
6.3269618204
4.0036094869
6.5933445869
7.0662031148
5.0146770257
8.1130407499
5.2436074516
6.6244940486
3.1681769442
6.2687379152
2.0353859666
2.577351433
4.4921097893
4.9839348354
10.2505497321
2.291911185
5.8633929641
7.8898765328
6.9433465766
7.2824774144
7.5842693694
12.244546361
3.3772266872
10.8379778075
6.8831503944
6.1158362381
6.4293977224
7.0230504067
7.3885228767
9.6142278018
8.1516077713
5.0688396779
4.7106141931
10.5611033749
4.6977546722
6.9583291154
4.9568185863
6.5869290714
2.6148235311
7.2063589435
5.7321776182
3.9846742176
7.6232159765
2.4537834237
6.7021105302
6.975935222
7.1226904135
6.9789477277
2.5661829436
4.513406285
8.3312121662
3.3448858353
4.3114835811
3.5832218978
5.1409754598
8.4445997109
5.8636801677
3.5694135037
7.8031397319
8.6988623006
7.7416875029
5.5673890175
3.9174182484
4.3655171066
6.5396538937
3.3220506786
2.5427602292
3.8401886919
10.8995965974
3.9983537353
4.9008738642
6.2218459191
1.5727878006
7.4495885133
6.663253275
7.4852358148
5.0492236713
7.0949863986
4.0422560193
3.435965165
6.7085897623
3.4302145362
8.8899176788
7.4333025879
8.5799366517
5.0092587712
4.3117480944
4.5810744187
4.2957118558
6.8213144394
9.5051861414
6.5500754032
7.0491043972
6.5976881616
4.7071097764
8.9503716348
5.2453527947
3.4269471463
9.8579559436
2.9424646295
8.7811874924
8.1290685129
6.486691841
6.3897980544
4.0329252327
6.5070343357
8.5608336057
2.9679115056
6.0845459154
10.6374191071
10.3464810895
7.3003281966
5.4320107603
8.9655640506
3.5345627894
3.8889367805
4.7211339821
6.8188721349
9.2171572572
9.0349996854
4.116604055
10.2358930519
6.7349731439
8.7370830417
8.0447521911
7.2270973089
3.8808916918
4.2392589701
5.0862670839
8.4551459755
6.3692012641
1.4596360779
4.4523517123
7.210353606
4.4364223587
5.1322920579
9.985449401
5.7558648851
6.509332955
2.9432491947
7.3681562006
10.5363086587
11.045386053
10.0023518253
5.2436961251
3.4351547303
6.2228296989
12.6087316539
6.8428400886
7.4701462413
4.8554474925
4.9180720094
2.4493157255
5.8454500557
5.7097344124
7.4943979241
7.5958046027
8.9905933551
6.1979565554
8.4887319206
5.9141871933
8.1797550604
3.5256177283
6.1956965349
10.3441262226
11.8011045349
6.8084351361
6.6911618761
9.8737679481
7.7980578222
4.9411274468
7.4467687
5.8272351493
8.4558691439
4.3107063658
3.1751200629
5.8280359412
11.8926151202
7.0396859984
7.4299380165
7.2137767151
8.018390221
8.3113196002
4.8809762587
7.3944241685
8.6064228346
5.8996910254
7.5482884394
7.7256615527
4.6315923138
5.0472486379
7.5518971345
5.9411991605
8.9612738729
9.1370536471
12.4874940464
7.7779896158
4.925786134
4.5754965535
6.6997997389
9.2739045951
7.3036621262
7.3124327668
9.9985545933
5.3052188293
5.4680185719
6.1262694208
5.8240020202
5.6819360289
4.5472596987
3.2249900901
7.8432717976
9.6206890556
7.1353706571
8.9503349088
5.0366422095
7.399182635
4.1777789324
10.4329077411
7.5312595815
6.5747341561
4.0696391471
8.1680224847
7.8101721571
7.9829885929
1.7211012507
8.6878085007
1.7934315739
8.4492736846
8.8328816114
5.1532201259
6.4434501461
3.99059478
4.9807514299
4.3272435816
7.4153215955
10.5968573218
3.5478697336
5.671591648
6.0930716648
3.4139589117
4.9063221678
3.174830549
5.0683871886
8.3203290823
5.7441109147
5.1499127875
5.2197076908
6.7429679136
10.4468011681
7.5499611895
4.2968413838
3.2791945185
5.1805187177
5.5671106897
7.1855401674
6.3344311706
0.8690944586
5.2611697062
8.9000348215
12.2205661674
6.3250014931
8.7316212285
8.3756867328
2.6868645927
7.8169986173
6.1241792562
8.0197320731
4.3114896812
6.0139626141
5.6076261399
7.3952354038
7.8739601615
5.2699882212
5.77499171
5.1102600007
3.5885090675
6.0138787454
7.7969849716
6.4715991065
7.6752339945
3.3559383324
4.3661786637
5.7462918805
5.3503093482
10.4031904101
10.2856414499
8.5941049699
6.9091911462
1.9989235699
8.8006085619
4.3615921075
5.9147301549
5.7820815238
8.3648126802
6.934327487
3.3786722207
6.3981007476
5.3249305791
8.1630798809
6.4815321296
8.0889324679
4.142869769
5.616934158
4.7460820162
4.987851803
7.5558039284
8.9720084078
4.3058258847
6.2721819319
5.1151648761
7.0006773042
3.4802291175
7.2462558221
5.7640019586
5.8764784883
4.4478673034
6.1813868279
6.8036741724
9.7569931544
10.1332424468
5.0707659739
8.9282844945
4.8354244961
2.596219345
8.0565304494
3.5485246752
2.6339627117
9.8821042645
9.6432768188
4.0336382374
11.2731641872
3.530126536
4.7239335972
3.1315780482
5.3621090568
9.6130680535
8.9185585659
3.5353415885
8.5310097102
7.5253147662
5.0748647479
8.9461275927
10.8725736419
4.9917544743
7.5907553247
4.7169084932
11.1603994111
8.5216915899
6.0464396503
7.7877279534
8.0079956449
6.7888507666
9.6153824081
4.3149885588
3.5440064268
7.08470877
10.3011907859
6.7204989798
5.7645214905
6.4062937146
5.2651310125
3.3449555158
3.2129538863
9.3225423637
7.9880599596
11.4235243328
6.3782633196