7.56249698825
1.3288364273
7.9270305816499995
0.823919113325
1.312065653875
1.9633923519999996
5.0645685912000005
4.803758673600001
4.964130664600001
6.226692203599999
1.0381553776
3.086873669599999
1.387589408075
0.603916390375
1.9638624131999993
6.133172931600001
7.95138797565
1.49975918435
8.307057554875
2.8638428188000002
1.2772947849
5.303125035600001
1.365866636475
1.008929816775
3.3621943866000006
7.571907257375
7.902789470575
4.8350650557999995
2.8254598691999995
7.71610806365
0.96382438955
7.518343588375
1.320690005875
3.4195823442
0.80416918115
1.41866862935
7.51334794795
1.447760146125
6.4205412992
7.997350952850001
4.211532225999999
4.234716757799999
3.0998312778
1.238474253375
0.894314873
0.9429126207
1.2945227363
1.242900990825
8.736586676175
0.66382644525
1.0842848864
3.0992229996000003
1.5026554775999994
3.7891718341999994
1.0788335123
7.52535075045
6.845248076400001
5.788522868600001
4.922604978400001
0.8576055143
3.193343755200001
4.123185512999999
1.03258781395
1.487454710075
2.2912052240000005
0.6128900074
7.620303024275
7.849168425549999
1.38546820365
1.7641214707999993
7.54195038025
1.240005624
3.9615873829999995
1.9823524977999991
2.7617393242000006
3.0059585783999996
7.685364611924999
0.61215698335
1.462573332125
1.4457466049
1.022028953425
3.029506219
0.607666113375
1.49835941245
4.7868268452
2.816297884999999
0.659773431925
4.551075969199999
1.6400457276000004
1.21246746545
4.1438552822000005
8.000437645
1.1444233253
1.003270627
1.426232196925
2.962479984
0.8808125599
3.3185715027999994
8.33021637455
1.5868534388000004
3.5024582896
2.9216709840000004
1.04188066105
1.452742258575
1.25955296605
1.7023452256000002
8.35795711675
4.8828362448
2.4724384740000005
7.776215835275
7.582747223625001
1.4232858865
0.87369345835
4.9341290574
7.0592077184
4.959807635600001
2.4555334373999997
7.555996711000001
5.193233061000001
1.10761391315
1.0649671216
1.36874111725
1.03411593105
1.454338589425
4.698684180200001
0.940849932425
7.57670323995
0.874101604475
5.423409296599999
4.8858670078
1.199635666325
2.5930376295999995
2.1539236408000004
1.000902371725
2.6866891737999996
3.632406229600001
1.253669256425
5.726081499799999
1.3109018629
2.7489880972
0.79204423605
2.0374758304
0.50884649165
0.64433785825
1.123027447325
1.24598370885
7.8126374330249995
0.57297779625
1.465848241025
5.2797530656
3.3866931531999995
4.0649548287999995
4.668538738800001
8.31113659025
0.8443066718
7.959494451875
3.2663007888000006
1.7316724762
2.3587954448
3.5461008134000007
4.2770457533999995
7.65355695045
5.8032155426
1.267209919475
1.177653548275
7.890275843725
1.17443866805
3.4166582307999995
1.239204646575
2.6738581428000003
0.653705882775
3.9127178869999995
1.43304440455
0.9961685544
4.746431953
0.613445855925
2.9042210603999994
3.4518704440000008
3.745380827
3.457895455399999
0.6415457359
1.12835157125
6.1624243324000005
0.836221458825
1.077870895275
0.89580547445
1.28524386495
6.389199421800001
1.465920041925
0.892353375925
5.1062794638
6.8977246012
4.983375005799999
1.391847254375
0.9793545621
1.09137927665
2.5793077873999994
0.83051266965
0.6356900573
0.960047172975
7.97489914935
0.999588433825
1.22521846605
1.9436918381999995
0.39319695015
4.3991770266
2.8265065499999995
4.4704716296
1.262305917825
3.6899727971999994
1.010564004825
0.85899129125
2.9171795246
0.85755363405
7.2798353576
4.3666051758
6.659873303400001
1.2523146928
1.0779370236
1.145268604675
1.07392796395
3.1426288788
7.62629653535
2.6001508064000003
3.5982087943999996
2.6953763231999996
1.1767774441
7.4007432695999995
1.311338198675
0.856736786575
7.7144889859
0.735616157375
7.062374984800002
5.7581370258
2.4733836819999997
2.2795961088
1.008231308175
2.5140686714000005
6.621667211399998
0.7419778764
1.6690918307999993
7.909354776775
7.836620272375
4.1006563931999995
1.358002690075
7.431128101199999
0.88364069735
0.972234195125
1.180283495525
3.1377442698000007
7.5542893143
7.508749921350001
1.02915101375
7.808973262975
2.969946287799999
6.9741660834
5.589504382200001
3.9541946178000007
0.97022292295
1.059814742525
1.271566770975
6.410291951000001
2.2384025282
0.364909019475
1.113087928075
3.920707212
1.109105589675
1.283073014475
7.74636235025
1.438966221275
2.5186659099999993
0.735812298675
4.236312401199999
7.884077164675
8.01134651325
7.750587956325
1.310924031275
0.858788682575
1.9456593978
8.402182913475
3.1856801772
4.4402924826
1.213861873125
1.22951800235
0.612328931375
1.461362513925
1.4274336031
4.4887958482000005
4.691609205400001
7.481186710199999
1.8959131108000005
6.477463841199999
1.478546798325
5.8595101207999996
0.881404432075
1.8913930697999994
7.83603155565
8.200276133725
3.1168702722
2.8823237521999996
7.718441987025
5.096115644399999
1.2352818617
4.3935374
1.456808787325
6.411738287799999
1.07767659145
0.793780015725
1.4570089853
8.22315378005
3.579371996800001
4.359876033000001
3.9275534301999997
5.536780442000001
6.122639200399998
1.220244064675
4.288848336999999
6.7128456692
1.47492275635
4.5965768788000005
4.9513231054
1.15789807845
1.261812159475
4.603794269
1.485299790125
7.422547745799999
7.534263411775
8.3718735116
5.0559792316
1.2314465335
1.143874138375
2.8995994778000007
7.568476148775
4.1073242524
4.1248655335999995
7.749638648325
1.326304707325
1.367004642975
1.7525388415999998
1.45600050505
1.420484007225
1.136814924675
0.806247522525
5.1865435952
7.6551722639
3.7707413142000004
7.400669817600001
1.259160552375
4.29836527
1.0444447331
7.858226935275
4.562519162999999
2.6494683122
1.017409786775
5.8360449694
5.1203443142000005
5.4659771858
0.430275312675
6.875617001399998
0.448357893475
6.398547369199999
7.165763222799999
1.288305031475
2.3869002922
0.997648695
1.245187857475
1.0818108954
4.330643191
7.89921433045
0.8869674334
1.417897912
1.6861433296000001
0.853489727925
1.22658054195
0.79370763725
1.26709679715
6.140658164600001
1.436027728675
1.287478196875
1.3049269227
2.9859358272000005
7.8617002920250005
4.599922379000001
1.07421034595
0.819798629625
1.295129679425
1.391777672425
3.8710803348000002
2.1688623412000005
0.21727361465
1.31529242655
7.3000696430000005
8.30514154185
2.1500029862000005
6.963242457
6.2513734656
0.671716148175
5.133997234600001
1.7483585123999994
5.5394641462
1.0778724203
1.5279252282000009
1.401906534975
4.2904708076
5.247920323000001
1.3174970553
1.4437479275
1.277565000175
0.897127266875
1.5277574907999991
5.093969943199999
2.4431982130000005
4.850467989
0.8389845831
1.091544665925
1.436572970125
1.33757733705
7.850797602525001
7.8214103624749995
6.6882099398
3.318382292400001
0.499730892475
7.1012171238000015
1.090398026875
1.478682538725
1.44552038095
6.2296253604
3.368654974
0.844668055175
2.2962014952
1.331232644775
5.8261597618
2.4630642591999994
5.677864935799999
1.03571744225
1.4042335395
1.18652050405
1.24696295075
4.611607856799999
7.444016815600001
1.076456471175
2.0443638637999992
1.278791219025
3.5013546084
0.870057279375
3.9925116442000004
1.44100048965
1.469119622075
1.11196682585
1.8627736557999999
3.1073483448
7.6892482886
7.7833106117
1.267691493475
7.3565689889999994
1.208856124025
0.64905483625
5.613060898800001
0.8871311688
0.658490677925
7.720526066125
7.6608192047
1.00840955935
8.0682910468
0.882531634
1.1809833993
0.78289451205
1.3405272642
7.653267013375
7.3371171317999995
0.883835397125
6.562019420399999
4.5506295324
1.268716186975
7.3922551854
7.968143410475
1.247938618575
4.6815106494
1.1792271233
8.040099852775
6.543383179799999
1.5928793006
5.0754559068
5.515991289799999
3.077701533200001
7.653845602025
1.0787471397
0.8860016067
3.6694175399999995
7.825297696474999
2.9409979596000007
1.441130372625
2.3125874292000006
1.316282753125
0.83623887895
0.803238471575
7.5806355909250005
5.4761199192
8.1058810832
2.2565266392000005
