0.00480176000019128
0.0039943370002220036
0.003954765999878873
0.003957644999900367
0.004007018000265816
0.003935083000214945
0.00392225999985385
0.003958603999763
0.003930729999865434
0.003994912000052864
0.004009215000223776
0.003966535000017757
0.004006172000117658
0.003951021999910154
0.0039640850000068895
0.004024057000151515
0.004033856999740237
0.004366843999832781
0.003961263000292092
0.003915994999715622
0.003911265000169806
0.003911222000169801
0.003911229000095773
0.003959778000080405
0.003929537999738386
0.003926040999886027
0.003918162999980268
0.0039162540001598245
0.0039385279997077305
0.003926720999970712
0.003939695000099164
0.0039335369997388625
0.0039387580000038724
0.003994091000095068
0.004115527000067232
0.003931851999823266
0.004000158000053489
0.003986616000020149
0.0040149579999706475
0.00393914100004622
0.003929556000002776
0.003932774000077188
0.003955644999678043
0.003967978999753541
0.0039831910003158555
0.003920741000001726
0.003935361000003468
0.003943928999888158
0.003935553000246728
0.003909486999873479
0.003919306000170764
0.00392353400002321
0.003909904000011011
0.00404472500031261
0.00394992400015326
0.003942205999919679
0.003920214999652671
0.0039459250001527835
0.003943433000131336
0.003953357000227697
0.003975724000156333
0.0039419599997927435
0.003944146999856457
0.003915340999810724
0.003945696999835491
0.0040063309998004115
0.00398287000007258
0.0039440519999516255
0.00397326999973302
0.003911586999947758
0.003962141999636515
0.003996408000148222
0.004138120000334311
0.003952614999889192
0.003956044999995356
0.0039715699999760545
0.003939442000046256
0.003913742999884562
0.0039673709998169215
0.003936983000130567
0.003946232999624044
0.003926896000393754
0.003951909000079468
0.0039337719999821275
0.00392980099968554
0.003915745000085735
0.003977930000019114
0.003942838000057236
0.003915778000191494
0.003924630999790679
0.003977208999913273
0.004054018999795517
0.003926891999981308
0.003931730999738647
0.003939549999813607
0.00391273299965178
0.0039133850000325765
0.003929852000055689
0.003968189999795868
0.003938011000172992
0.003931501999886677
0.003940271999908873
0.00397724799995558
0.003933155999675364
0.003929510000034497
0.003958358000090811
0.00394225899981393
0.0039559599999847705
0.00399584299975686
0.003937470999971993
0.0039338830001725
0.004060807000314526
0.004039947999899596
0.003931514999749197
0.003950347000227339
0.003913069999725849
0.003950399999666843
0.003921350999917195
0.00392189399963172
0.003942015000120591
0.004011854000054882
0.003923843999928067
0.003953815999921062
0.003925974999674509
0.003951012000015908
0.003918524999789952
0.003923088999727042
0.0040216180000243185
0.003964214999996329
0.003979169999638543
0.004036711000026116
0.003945905999898969
0.003963324999858742
0.003952065999783372
0.003963634999763599
0.003954089000217209
0.003921458000149869
0.003943890999835276
0.003976324000177556
0.0039060809999682533
0.004011998999885691
0.003943509999771777
0.003955235999910656
0.003928452000309335
0.0039297470002566115
0.003915370999948209
0.003954663999593322
0.00396003199966799
0.003948639000100229
0.004015888000139967
0.003941678000046522
0.003928551999706542
0.003952333000142971
0.0039040319998093764
0.003927500999907352
0.003952735999973811
0.003918818000329338
0.003911705000064103
0.003956664999805071
0.003952827999910369
0.003924011999970389
0.003914433999852918
0.003938246999950934
0.003956867999932001
0.003932922999865696
0.003970295000272017
0.004105299999991985
0.003942532000110077
0.003936195999813208
0.004053774000112753
0.003941408000173396
0.003928406999875733
0.0039295020001191006
0.0039557310001328005
0.003951719999804482
0.003925399999843648
0.003922213000350894
0.003936227999929542
0.003979306000019278
0.003937873999802832
0.003939865000120335
0.0039480549999098
0.003950179999719694
0.003973468999902252
0.003925248000086867
0.003919291999864072
0.00392594699997062
0.00397561499994481
0.0040512840000701544
0.003934560999823589
0.00395141999979387
0.003921037000054639
0.0039431449999938195
0.003928875999918091
0.003968003999943903
0.003949031000047398
0.003914295999948081
0.003906830999767408
0.003907707000053051
0.003929517999949894
0.003908508999757032
0.003929037000034441
0.003902911000295717
0.003931991000172275
0.0039060530002643645
0.003912532999947871
0.003918579000128375
0.003925677999632171
0.0040325710001525295
0.00394112000003588
0.003954494000026898
0.0039003890001367836
0.003924168000139616
0.0039495860000897665
0.003922328000044217
0.003912572999979602
0.003972641000018484
0.003930089000277803
0.003986775999692327
0.0039274559999284975
0.003933817999950406
0.0039322279999396414
0.003938912999728927
0.003927562000171747
0.003931457999897248
0.003951595000216912
0.003966325999954279
0.004126428999825293
0.003945636000025843
0.003988874999777181
0.003935922000437131
0.0039524750000055064
0.003944270000374672
0.003992506000031426
0.003932866000013746
0.003955500999836659
0.0039624010000807175
0.003923751000002085
0.0039434889999938605
0.00395815699994273
0.003973194000082003
0.00397322000026179
0.003919628999938141
0.003908206999767572
0.003920672999811359
0.003932666999844514
0.00401724799985459
0.003947745999994368
0.003935731000183296
0.003919563999716047
0.003927508000288071
0.003924900000129128
0.003913313999873935
0.003909293000106118
0.00392535199989652
0.003909436999947502
0.0039480320001530345
0.003947315000004892
0.003917742999874463
0.0039297359999181936
0.003914927000096213
0.003912770000169985
0.003933049999886862
0.00391987099965263
0.003920414000276651
0.003925841000182118
0.004031735999888042
0.003923553999811702
0.003914188000180729
0.003932019999865588
0.003981692000252224
0.003920085000117979
0.0039492109999628155
0.003942175999782194
0.00392633699993894
0.003915346999747271
0.00393029499991826
0.0039181619999908435
0.003970984000261524
0.0039435039998352295
0.003925514999991719
0.003937350000342121
0.003932807000182947
0.003930246999971132
0.003949757000100362
0.004029361999982939
0.00396067600013339
0.003920890999779658
0.003964819999964675
0.003952198000206408
0.0039374920002046565
0.003929388999949879
0.003958611000143719
0.003947265999613592
0.0039341689998764195
0.003929610000341199
0.003940087000046333
0.003928070999791089
0.003932179000003089
0.003938122999898042
0.003944954000417056
0.003953234999698907
0.003929742999844166
0.003918890000022657
0.003939945999718475
0.0040293430001838715
0.003921032000107516
0.003905913999915356
0.003914895000434626
0.003935680999802571
0.0039569019995724375
0.003923748000033811
0.003920695000033447
0.003902043999914895
0.003919699000107357
0.003929942000013398
0.003986470000199915
0.00397902399981831
0.00395493499991062
0.003941965999729291
0.003956843999731063
0.003980743000283837
0.003924613000435784
0.003943282999898656
0.004072786000051565
0.00393787400025758
0.0039426379998985794
0.00399562699976741
0.00395795900021767
0.003960913999890181
0.003925452000203222
0.003984501000104501
0.003978890999860596
0.003960475999974733
0.003974182999627374
0.0039545360000374785
0.003933891000087897
0.003941589000078238
0.004010586000276817
0.003944257000057405
0.003928265000013198
0.003925065000203176
0.0039578579999215435
0.003954578000048059
0.004070728999977291
0.0039648370002396405
0.003965759000038815
0.0039895059999253135
0.003958791000059136
0.00395097499995245
0.003935665999961202
0.003939222999633785
0.003934105000098498
0.003947154000343289
0.003927542999917932
0.003933359000257042
0.003936414999770932
0.003928442999949766
0.003920406999895931
0.00392748100011886
0.003986617999998998
0.003950553000322543
0.003920049000043946
0.004025219000141078
0.00394305700001496
0.003915827000128047
0.003928691999590228
0.0039256830000340415
0.003959422999741946
0.003935022999939974
0.003965271999732067
0.003995381000095222
0.003911328999947727
0.003941162000046461
0.0039503170000898535
0.003959640000175568
0.003976727000008395
0.003971814999658818
0.003974441000082152
0.0039422380000360135
0.003948746999867581
0.003952727999603667
0.004077866999978141
0.003953091999846947
0.003963893999753054
0.00392473300007623
0.003953666999677807
0.00392925699998159
0.003934834000119736
0.003937440999834507
0.003983702999903471
0.003968143999827589
0.003936350000003586
0.00392431399995985
0.003944352999951661
0.003939451999940502
0.003929481000341184
0.003946607000216318
0.00396351399967898
0.003965261000303144
0.00396063200014396
0.003959161999773642
0.004042115000174817
0.003916179000043485
0.003940000999591575
0.003912246000254527
0.003964790999816614
0.003928794999865204
0.003923672999917471
0.003914779999831808
0.003937897000014345
0.003914065999651939
0.003964129999985744
0.003941556999961904
0.0039494349998676626
0.003931838999960746
0.003931302000182768
0.004073490000337188
0.00393412499988699
0.003920453999853635
0.003944307999972807
0.004187984000054712
0.003950224000163871
0.003920612000001711
0.003947713000343356
0.003955986999699235
0.003952858000047854
0.003956130000005942
0.004008888000043953
0.003943091000110144
0.003972860999965633
0.003924635999737802
0.003951558999688132
0.003938133999781712
0.004039388999899529
0.003937626000151795
0.003979271999924094
0.003918492999673617
0.00394185799996194
0.0039529980003862875
0.003940115000204969
0.004055282000081206
0.003974618000029295
0.003954714999963471
0.003931378000288532
0.003941625000152271
0.0039778119999027695
0.003950051999709103
0.003943502999845805
0.003939444000025105
0.003982789000019693
0.003953303999878699
0.0039308320001509856
0.003971040000124049
0.003946155999983603
0.003934730000310083
0.0039264550000552845
0.0039388569998664025
0.003958800999953382
0.0039080749997992825
0.004023711000172625
0.003911261999746785
0.003925127999991673
0.003908034999767551
0.003937837999728799
0.0039287959998546285
0.003945720000047004
0.0039368300003843615
0.003924704999917594
0.003965279000112787
0.003927162000309181
0.003911183000127494
0.003926138999759132
0.003930819999823143
0.003949399999783054
0.003926314000182174
0.003974581999955262
0.003928609000013239
0.003948424999634881
0.004036600999825168
0.003968918999817106
0.004042051999931573
0.00395382199985761
0.003955165999741439
0.003966967999986082
0.003968920000261278
0.0039425720001418085
0.0039297620000979805
0.00404782499981593
0.003935264000119787
0.0039264489996639895
0.003939796999929968
0.00393742200003544
0.00394334099974003
0.003936367000278551
0.003952697999920929
0.003945364000173868
0.003991579999819805
0.003970881999975973
0.004051453000101901