0.021374999999807187
0.020606916999895475
0.020403321000003416
0.02035621799996079
0.020723188000147275
0.02028039400011039
0.022984549000057086
0.020566678000022875
0.02066528299997117
0.020734326000138026
0.020739538999805518
0.020810114999903817
0.021130051000000094
0.0208010110000032
0.020738349999874117
0.02079036800000722
0.020796252999844
0.020613736000086647
0.02058768000006239
0.020620326000198475
0.020650656000043455
0.021673639000027833
0.02079244300011851
0.020793687999912436
0.02067729700002019
0.020795408999902065
0.020598514000084833
0.020634663000009823
0.02077025199992022
0.020736019999958444
0.02060150900001645
0.02095636699982606
0.020758953000040492
0.020735938999905557
0.020710858000029475
0.020641532999889023
0.020589408999967418
0.02050776000010046
0.02056300200001715
0.020559652999963873
0.020648076000043147
0.020964067000022624
0.021421097000029476
0.02139247200011596
0.02150497999991785
0.02126115999999456
0.020862427000110983
0.02062848499986103
0.02056714600007581
0.020578334999981962
0.020484213000145246
0.020824108000169872
0.020672727999908602
0.020752936999997473
0.020740260999900784
0.020722375000104876
0.02065141200000653
0.020987756000067748
0.020702384000060192
0.02065727399985917
0.020658500999843454
0.02077901899997414
0.02076095699999314
0.02087608800002272
0.020807494000109727
0.020632711999951425
0.020675624999967113
0.02065816200001791
0.020687907999899835
0.02065685000002304
0.02057166800000232
0.020801471999902788
0.02068465700017441
0.020771498999920368
0.020748177000086798
0.02063337900017359
0.020592022999835535
0.02067376700006207
0.020616943000050014
0.02055677199996353
0.020730840999931388
0.020591258999957063
0.02068508900015331
0.020684280999830662
0.02062262999993436
0.02072315200007324
0.020615561000113303
0.020455300999856263
0.02061543900003926
0.020709002000103283
0.02064817900009075
0.020653366000033202
0.02091292299996894
0.021108314000002792
0.02269424800010711
0.02221209300000737
0.02088925700013533
0.02067858200007322
0.020685876000015924
0.02065669299986439
0.02079557100000784
0.02070246300013423
0.020710324999981822
0.020877812999970047
0.020931317000076888
0.020932113000071695
0.02048020400002315
0.02062116199999764
0.020633633999977974
0.020571482000150354
0.020474930000091263
0.02075204700008726
0.020691812999984904
0.020859708999978466
0.02092594799978542
0.021015334999901825
0.025672537999980705
0.031150160000152027
0.02070998499993948
0.02064350699993156
0.020794657999886113
0.020642669000153546
0.020698317000096722
0.020932066999876042
0.02065492799988533
0.020615089999864722
0.020646599000201604
0.020513203999826146
0.02056617399989591
0.02059977999988405
0.020818354000084582
0.020735988000069483
0.020780498000021908
0.02065448700000161
0.020581307999918863
0.020651997000186384
0.020534952999923917
0.02036155200016765
0.02065610999989076
0.020518706000075326
0.020697505000043748
0.020837024999991627
0.021042313999942053
0.020642599999973754
0.020772701999931087
0.020792611999922883
0.02077874399992652
0.020667062000029546
0.020591927999930704
0.02132174700000178
0.02246281799989447
0.021050262000017028
0.021307244000126957
0.02095923199999561
0.02096877000008135
0.020660536999912438
0.020713918999945236
0.020632378000073004
0.020626137999897765
0.020653775000027963
0.020848528999977134
0.0206795509998301
0.0206737080000039
0.020685293000042293
0.02077940899994246
0.02057659499996589
0.020574557999907483
0.02057062600010795
0.020629269999972166
0.020588141999951404
0.020556286000100954
0.020557645000053526
0.020684593999931167
0.020724895000057586
0.020676274999914313
0.020529827000018486
0.020541711000078067
0.020630636000078084
0.020593699999835735
0.020551685999862457
0.020772071000010328
0.02083002800009126
0.020532095999897138
0.020673705000035625
0.020636964999994234
0.020585173999961626
0.0206443910001326
0.02065621299993836
0.020744944999933068
0.0205610529999376
0.020664298999918174
0.0207527680001931
0.02093854600002487
0.02081583800008957
0.02073940499985838
0.02068285499990452
0.020880994999970426
0.02090574299995751
0.020887676999791438
0.02058433000001969
0.020650422000016988
0.020796062000044913
0.020740227000032974
0.02065143699996952
0.02104397799985236
0.020804279999993014
0.02063494999993054
0.020696801999974923
0.021067683999945075
0.020557144000122207
0.02063554500000464
0.020664598999928785
0.020919843999990917
0.02105165600005421
0.020963517999916803
0.020564683999964473
0.020691967999937333
0.020581694000156858
0.020482305000086853
0.020589209000036135
0.020724683000025834
0.020695537999927183
0.02094780099992022
0.020788289999927656
0.02101010100000167
0.02424074600003223
0.02070539400006055
0.020737724999889906
0.020611239000118076
0.02072812000005797
0.020878122999874904
0.020821853999905215
0.020842191000156163
0.020920491999959268
0.020919614999911573
0.02076619500007837
0.020730944999968415
0.020713964000151464
0.020489954000140642
0.020717506999972102
0.020668997000029776
0.02060414400011723
0.020682771999872784
0.0207435780000651
0.020650446999979977
0.020529983999949764
0.020815103999893836
0.02059356800009482
0.020736082999974315
0.021004654999842387
0.020706644000028973
0.02072588300006828
0.02072098600001482
0.02066408600012437
0.020624416999908135
0.020575159000145504
0.02061553599992294
0.020484448000161137
0.020576097000002846
0.020764027000041096
0.02088216799984366
0.020874754000033136
0.020854711000083626
0.020697539999900982
0.020671816000003673
0.020675977999871975
0.02050918599979923
0.020588068000051862
0.020571652999933576
0.020593776999930924
0.020817240000042148
0.020633321000104843
0.020780138999953124
0.02062203400009821
0.020737882000048558
0.02066070299997591
0.020701325999880282
0.02054416700002548
0.020648631999847566
0.020347096000023157
0.020949263000147766
0.021118584000078044
0.021230859000070268
0.021073471999898175
0.02071132299988676
0.020734366999931808
0.02061434500001269
0.02053908999982923
0.020538960999829214
0.020547555000121065
0.020698018000075535
0.02060223400007999
0.020806690999961575
0.020751251999854503
0.020664563000082126
0.020735952999984875
0.020623905000093146
0.020798400999865407
0.020668332000013834
0.021111448999818094
0.021058236000044417
0.021088546000100905
0.020954610999979195
0.020805428999892683
0.021227741999837235
0.020565027000202463
0.020666054000002987
0.020582071000035285
0.020607994999863877
0.020953180999867982
0.02071425100007218
0.020718582999961654
0.020676597999909063
0.020666623999886724
0.020511475999910544
0.02062240300006124
0.020633286999782285
0.02065048500003286
0.020405834000030154
0.02061569500006044
0.02074529599985908
0.020698001000027944
0.020724793999988833
0.020810629999914454
0.020831497000017407
0.020654838999917047
0.02055406999988918
0.0205711109999811
0.02061757299998135
0.02067570400004115
0.02102050100006636
0.02077135899980931
0.0208210240000426
0.020793951999849014
0.020627315999945495
0.020641447000116386
0.020535926999855292
0.02060580400006984
0.020468141000037576
0.0205784700001459
0.0207199970000147
0.020683071999883396
0.02077701200005322
0.020845881000013833
0.020972138999923118
0.020803275000162103
0.020722933000115518
0.020657607999964966
0.020547866000015347
0.020474896999985503
0.021005597000112175
0.02097162399991248
0.021259006999798657
0.020905399999946894
0.02057201200000236
0.020624297000040315
0.020737998000186053
0.020529487999965568
0.020445680999955584
0.02062754300004599
0.020719590999988213
0.020663653999918097
0.02061233400013407
0.020627719999993133
0.020807481000019834
0.020670596000172736
0.020680534000121042
0.02064873700010139
0.020567166000091675
0.020776994000016202
0.02079486600018754
0.02089047100002972
0.020910293000042657
0.020659531000092102
0.02060095399997408
0.020506161999946926
0.020561329999964073
0.020576446999939435
0.020645444999900064
0.02062034000005042
0.020648568000069645
0.020854178000035972
0.020795515999907366
0.020750992999865048
0.020737129000053756
0.020723604000068008
0.020562662999964232
0.02054354200004127
0.02054971100005787
0.020613545999822236
0.02073028500012697
0.02060306299995318
0.02083192300005976
0.020849044999977195
0.020797343000140245
0.020560755999895264
0.020646532999990086
0.02061620899985428
0.020688920000111466
0.02065526299998055
0.02076815300006274
0.02102501000013035
0.021155007000061232
0.02115526699981274
0.0208417379999446
0.02074165199996969
0.020613866999838137
0.020680646999835517
0.020600361999868255
0.020643371000005573
0.020785937000027843
0.02066492200015091
0.020759037999823704
0.02064666399996895
0.02061347999983809
0.0207496360001187
0.02065800299988041
0.020605941999974675
0.02065234099995905
0.02064112900006876
0.020682268999962616
0.0207110180001564
0.02079385800016098
0.020746615000007296
0.020620785999881264
0.02070088300001771
0.020681377000073553
0.020584009999993214
0.020621567000034702
0.020798374999912994
0.020886215000018638
0.020796358000097825
0.020815558000094825
0.02072036799995658
0.02068051700007345
0.02069067200000063
0.02050267600020561
0.020585968999967008
0.020638664999978573
0.02059798100003718
0.02065062100018622
0.020873762000064744
0.020875286999853415
0.020887069000082192
0.02081941000005827
0.020699238000133846
0.020702376999906846
0.020800039000050674
0.02061823100007132
0.020715548999987732
0.020675191000009363
0.020636487000047055
0.020726469000010184
0.02100628399989546
0.021202339999945252
0.021156871000130195
0.020695238000143945
0.02066610700012461
0.020544679000067845
0.02042148400005317
0.020767760999888196
0.020755555000050663
0.020627923999882114
0.020694370999990497
0.020681004999914876
0.0207150809999348
0.020603504000064277
0.020689892000063992
0.020593431000179407
0.02056898099999671
0.020670962999929543
0.02071309799998744
0.020740896000006614
0.0206962609997845
0.0207179950000409
0.020957650000127614
0.021192491999954655
0.020563744999890332
0.02066772500006664
0.02051350800002183
0.020790134999970178
0.02069746900019709
0.020677538000200002
0.02067261399997733
0.020660150000139765
0.020616850000124032
0.020566239000118003
0.02063394799984053
0.020658322999906886
0.020747545999938666
0.02058554199993523
0.020666307000055895
0.020690253999873676
0.020698508999885235
0.020802163000098517
0.02053679799996644
0.020665857000039978
0.020464828000058333
0.02055050899980415
0.02056222299984256