0.0038341909998962365
0.003255686000102287
0.003271161000157008
0.0032614420001664257
0.0032615160002933408
0.003795659999923373
0.0032409160003226134
0.0032478990001436614
0.003255890000218642
0.0032390730002589407
0.0032133199997588235
0.0032737759997871763
0.003280412999629334
0.003247429000111879
0.0032545809999646735
0.0032553410001128213
0.003248799000175495
0.0032283929999721295
0.00336669999978767
0.0032636019996061805
0.003296558999863919
0.003262112999891542
0.003246627999942575
0.003277324000009685
0.0032839939999576018
0.0033769159999792464
0.0033830310003395425
0.0033549620002304437
0.0033422299998164817
0.0032674349999979313
0.0032917759999691043
0.003378441000222665
0.0033202199997504067
0.003293616000064503
0.0032397919999311853
0.003273668000019825
0.0032747469999776513
0.00327142800006186
0.003301874000044336
0.00319887799969365
0.0032333699996343057
0.0033606549995965906
0.0032732240001678292
0.0032343409998247807
0.0032546780003031017
0.003250606000165135
0.0033484189998489455
0.0032505150002180017
0.003253949000281864
0.0032621089999338437
0.003435523000007379
0.00325337699996453
0.003238303999751224
0.0032648900000822323
0.003265754000040033
0.00329468200015981
0.003234599000279559
0.0032391589998042036
0.0032543889997214137
0.0033000069997797254
0.0032445740002913226
0.003271827999924426
0.0032736150001255737
0.003255334000186849
0.0032593189998806338
0.0032619700000395824
0.003249509999932343
0.0032700589999876684
0.0033088400000451657
0.0032312640000782267
0.003261090999785665
0.0032363990003432264
0.0032317760001205897
0.003308824000214372
0.003284166999947047
0.0032529670002077182
0.003261629000007815
0.0034428980002303433
0.0032844180000211054
0.0032662399999026093
0.003245547999995324
0.003220331000193255
0.0032534849997318815
0.0033311639999737963
0.0032375830001001304
0.003246091000164597
0.0033796109996728774
0.0032733910002207267
0.0033224660000996664
0.0032847180000317167
0.003235751999909553
0.0032615620002616197
0.003260402000250906
0.003290050000032352
0.003309445000013511
0.00323279000031107
0.003260289000081684
0.003229432999887649
0.0032516220003344642
0.003267358999892167
0.0032669180000084452
0.003279596000083984
0.003245442000206822
0.003307723000034457
0.003232795000258193
0.003223695999622578
0.003436422000049788
0.003261887000007846
0.0032467010000800656
0.0032441900002595503
0.003264946999934182
0.0032465379999848665
0.0032308800000464544
0.003221587000098225
0.00328061499976684
0.0032418669998151017
0.003249238999615045
0.0032207009999183356
0.003327123999952164
0.0033313009998892085
0.0032163569999283936
0.0032241300000350748
0.003249656999742001
0.0032580540000708424
0.0033083329999499256
0.003229219999866473
0.0032781039999463246
0.0032669119996171503
0.0032798539996292675
0.0033203689999936614
0.003235639999729756
0.0032406740001533763
0.003252868000345188
0.0032413119997727335
0.0033067570002458524
0.0032774719998087676
0.0032556700002714933
0.0032791539997560903
0.003284940999947139
0.003240209999603394
0.0032257210000352643
0.0033034020002560283
0.0032422600002064428
0.003261514999849169
0.003249800000048708
0.0032887229999687406
0.0032439880001220445
0.003304565999769693
0.0032954769999378186
0.003286838000349235
0.0032417440002063813
0.0032240850000562205
0.003259857000102784
0.0032559549999859883
0.0033081550000133575
0.0032294960001308937
0.0032276920001095277
0.0032383160000790667
0.0032293989997924655
0.003227472000162379
0.0032227369997599453
0.003302258000076108
0.003258163000282366
0.003221635000045353
0.003265557999839075
0.0032675309998921875
0.003230604000236781
0.003233379999983299
0.0032319830002052186
0.00326364000011381
0.0032547240002713806
0.0032185260001824645
0.0032562930000494816
0.0033103850000770763
0.0032300080001732567
0.0032759519999672193
0.0032824549998622388
0.0032896789998630993
0.003249865999805479
0.003257696000218857
0.003215531000023475
0.0033279640001637745
0.0032568309998168843
0.003222790000108944
0.0032249269997919328
0.0033060310001928883
0.0032557859999542416
0.003297034999832249
0.003243181000016193
0.0032266480002363096
0.0033017209998433827
0.003259666000303696
0.003264226000283088
0.003444795999712369
0.0032594650001556147
0.0032599720002508548
0.0032948920002127124
0.00331285599986586
0.003277210000305786
0.0032670780001353705
0.0033082929999181943
0.0032669300003362878
0.0032540659999540367
0.0032897619998948358
0.0033315460000267194
0.0032950029999483377
0.003255274999901303
0.003271793000294565
0.0032897370001592208
0.003259133000028669
0.003253903999848262
0.0032555170000705402
0.0032723930003157875
0.0032478389998686907
0.003259957999944163
0.0033061340000131167
0.0032935650001491013
0.0032786359997771797
0.0032442039996567473
0.003305753999939043
0.003374237000116409
0.0032576809999227407
0.003672723999898153
0.0032339290000891197
0.003281859000253462
0.003264842000135104
0.003231783000046562
0.0032622400003674557
0.003299133999917103
0.003279082000062772
0.003261786999701144
0.003209000999959244
0.0032685099999980594
0.00325564700005998
0.003240596000068763
0.0032197739997172903
0.0032499470003131137
0.003229981000004045
0.0032203530004153436
0.003229519999877084
0.0033128710001619766
0.0032580940001025738
0.003236824999930832
0.0032708079997973982
0.0032451590000164288
0.0032548529998166487
0.00327333399991403
0.003230630999951245
0.0032427009996354172
0.003273307999734243
0.0033680110000204877
0.003465795000010985
0.0033013029997164267
0.003409890000057203
0.003420220999942103
0.0033244510000258742
0.0032746120000410883
0.0032352590001210046
0.003279716000179178
0.0036161349999019876
0.003257954999753565
0.0032233279998763464
0.0032957660000647593
0.00328831699971488
0.0032905749999372347
0.003258231000017986
0.003252078000059555
0.0032780589999674703
0.0032630550003887038
0.003261641999870335
0.003261355000176991
0.003313897999760229
0.0032700460001251486
0.003233926000120846
0.003302304000044387
0.003231256999697507
0.0032257620000564202
0.0032476010001118993
0.003229822999855969
0.0032659670000612095
0.003430933999879926
0.0032867029999579245
0.003332509999836475
0.0032897040000534616
0.0032865120001588366
0.0032708349999666098
0.003270538999913697
0.003237546000036673
0.0032396669998888683
0.003296654999758175
0.003264027000113856
0.0032758060001469858
0.003296615000181191
0.0032450480002808035
0.0032843570002114575
0.003235164000216173
0.00328480899997885
0.0032203369996750553
0.0032249850000880542
0.003233887000078539
0.003258928999912314
0.0032410329999947862
0.0032211990001087543
0.003229094999824156
0.0032296790000145847
0.0034142660001634795
0.0032250560002466955
0.0032412099999419297
0.0032512060001863574
0.003365609999946173
0.003276369999639428
0.003278064999904018
0.0032659170001352322
0.0032515550001335214
0.003362413000104425
0.0032461709997733124
0.0032621909999761556
0.0032896230000005744
0.003238484000121389
0.0032412669997938792
0.003308160999949905
0.0032430590003968973
0.003253141000186588
0.003323943999930634
0.0032902559996728087
0.003246259000206919
0.0032420560000900878
0.003322340999602602
0.003269400000135647
0.003300478999790357
0.003276955000274029
0.0032285180000144464
0.0033542940000188537
0.0034444299999449868
0.003268831999776012
0.0032653329999448033
0.003253153000059683
0.0033095839999077725
0.003463526999894384
0.0032595160000710166
0.003303411999695527
0.003236044999994192
0.003325522000068304
0.0032486319996678503
0.0032937119999587594
0.0032717330000195943
0.0032412900000053924
0.00344021499995506
0.0032283350001307554
0.00323410100008914
0.0032615820000501117
0.003255373999763833
0.0032281690000672825
0.003246290000333829
0.0032715639999878476
0.0032391129998359247
0.003301731000192376
0.0032573879998381017
0.003290136000032362
0.0032362319998355815
0.0032444539997413813
0.0032836919999681413
0.00322876299969721
0.0032399390001955908
0.003233546000046772
0.003213007999875117
0.0032087449999380624
0.003374064000126964
0.0032289989999298996
0.003229404000194336
0.0032696610001039517
0.00325885800020842
0.0032284889998663857
0.003236323000237462
0.003229726999961713
0.0032824629997776356
0.003246452999974281
0.00323199200011004
0.0032469319999108848
0.0032722669998292986
0.0032744509999247384
0.003262793999965652
0.0032589540001026762
0.0032381490000261692
0.003303892000076303
0.0032537659999434254
0.003251746999922034
0.0032500540000910405
0.0032257049997497234
0.0033382780002284562
0.0032707870000194816
0.0032349950001844263
0.003271882000262849
0.0032558500001869106
0.003225868999834347
0.0032689330000721384
0.003279195999766671
0.003229695999834803
0.003262026999891532
0.00331619700000374
0.0032717929998398176
0.003248035000069649
0.0032875670003704727
0.0032391869999628398
0.0032709430001887085
0.0032433379997200973
0.0032290839999404852
0.0033249650000470865
0.003249725999921793
0.003261217000272154
0.003216312999938964
0.0032085299999380368
0.003231999000036012
0.0032663850001881656
0.003235886999846116
0.0032618650002405047
0.0032791570001791115
0.0032361239996134827
0.003238708000026236
0.003279416999703244
0.0032213660001616518
0.0032807869997668604
0.0032430749997729436
0.0032424720002381946
0.0032288920001519728
0.003247393000037846
0.003465587999926356
0.0032296240001414844
0.0032554170002185856
0.0032400600002802094
0.0033674390001579013
0.0033038080000551417
0.003259004999563331
0.0032914879998315882
0.0032248049997178896
0.003290088000085234
0.003232282000226405
0.003235537999898952
0.0032868839998627664
0.00326738200010368
0.0033658790002846217
0.003277990999777103
0.0032333770000150253
0.003294272000402998
0.0032684049997442344
0.0032780230003481847
0.003232564999962051
0.0032400950003648177
0.003258909000123822
0.0032943940000222938
0.0032361309999942023
0.0032789239999146957
0.003239493999899423
0.003243003000079625
0.0032954199996311218
0.003478232999896136
0.003242443000090134
0.003245634999984759
0.003254921000007016
0.003287540000201261
0.0032561809998696845
0.003237942999930965
0.003340299000228697
0.0032446680002067296
0.003231227000014769
0.003293869999652088
0.0032988889997795923
0.003263935000177298
0.003230648999760888
0.0032446660002278804
0.0032477600002494
0.00335980899990318
0.003366107000147167
0.003235789999962435
0.0032626830002300267
0.003234700000120938
0.003278374000274198
0.003282020999904489
0.003241974000047776
0.003242263999709394
0.003293232000032731
0.003247427999667707
0.0032439090000480064
0.003251067000292096
0.0034222379999846453
0.0032409479999842006
0.003334212000027037
0.0032546159995945345
0.0032529239997529658
0.0032293790000039735
0.0032533979997424467
0.00328371999967203
0.003247737000037887
0.00322786000015185
0.0032592409997960203
0.0032622009998704016
0.003308183999706671
0.0032312420003108855
0.0032868510002117546
0.0032267139999930805