0.008233347999976104
0.00788811899974462
0.007793059000050562
0.007860150999931648
0.00777819900031318
0.007808166999893729
0.007910489000096277
0.007854335000047286
0.00781929400000081
0.007883061000029556
0.008051784999679512
0.00790121599993654
0.007948425999984465
0.008022062999771151
0.007954283999879408
0.0078830749998815
0.007991619000222272
0.007814216000042506
0.008038972000122158
0.007910594999884779
0.007866930000091088
0.00775016899979164
0.007774431000143522
0.007804416999988462
0.007879498999955103
0.007839251999939734
0.007822661000318476
0.008039508999900136
0.00792050800009747
0.007896825999978319
0.00787441000011313
0.007901428999957716
0.007906906999778585
0.007853256000089459
0.00792779099992913
0.007876177000071038
0.007837684000151057
0.007871541999975307
0.007859934999942197
0.007869559000027948
0.007862018000196258
0.007817517000148655
0.007767911999962962
0.007899476000147843
0.007740830999864556
0.007979990999956499
0.007806008999978076
0.007816497000021627
0.007900136999978713
0.00782579499991698
0.007855272000142577
0.007861136999963492
0.007849924999845825
0.00787101400010215
0.007854869000311737
0.007842192000225623
0.007796417999998084
0.007917279000139388
0.007909946999916428
0.007867137000175717
0.007857609999973647
0.007918115999927977
0.007807506000062858
0.007870189000186656
0.007885526999871217
0.007888778000051389
0.00786496000000625
0.007882768999934342
0.007885973999691487
0.007801275000019814
0.007827793999695132
0.007933430000321096
0.0078751790001661
0.007751025999823469
0.007833581999875605
0.007875313000113238
0.007804990999829897
0.007904927999788924
0.007839009999770497
0.007838885000182927
0.007874578000155452
0.007872101999964798
0.00785353400033273
0.007800826000220695
0.007833590999780427
0.007841018999897642
0.007888635000199429
0.0077752770002916805
0.007951997000418487
0.007870374000049196
0.00787389200013422
0.00793280500010951
0.00792590899982315
0.007864999000048556
0.007814774000053148
0.007843954999771086
0.007809866000116017
0.007726231999640731
0.007807394999872486
0.00788467300026241
0.007800519999818789
0.00781766999989486
0.007822046999990562
0.007786088000102609
0.0079149299999699
0.007880710999870644
0.007816342000296572
0.007886765000421292
0.007972376999987318
0.007999708000170358
0.007943995000005089
0.007955757999752677
0.007899415999872872
0.007916221999948903
0.007940705999772035
0.00794572800032256
0.007921205000002374
0.007873217999986082
0.007939961999909428
0.007924520999949891
0.00792008899998109
0.007864487000006193
0.00791698200009705
0.007860145999984525
0.007876023999870085
0.007777657999668008
0.007869264999953884
0.007823872000244592
0.007774337000228115
0.007823723000001337
0.007828092999716318
0.007853412000258686
0.00788768499978687
0.007852264999655745
0.007945923000079347
0.007856336000259034
0.007939116000216018
0.008067105000009178
0.00791496100009681
0.00795314100014366
0.00805412099998648
0.008002273999863974
0.007852712000385509
0.007909350999852904
0.007908482999937405
0.00793893099989873
0.007884966999881726
0.007860546999836515
0.007890139000210183
0.00784212300004583
0.007854456000131904
0.007877312999880814
0.007822311999916565
0.00788812600012534
0.00772595700027523
0.007814720000169473
0.00780034399986107
0.007846450000215555
0.00794482799983598
0.007900244000211387
0.007936344999961875
0.007825932999821816
0.007948199000111345
0.007822920999842609
0.007963150000250607
0.007786658999975771
0.007878271999743447
0.007851206999930582
0.007974614000431757
0.007951706000312697
0.007875040999806515
0.008046353999816347
0.007980077999945934
0.00786927499984813
0.00785291900001539
0.007862932000080036
0.00783936800007723
0.007816988999820751
0.007820802999958687
0.007840862999728415
0.007809796999936225
0.007880436000050395
0.00787888099966949
0.007842926000193984
0.00791021000031833
0.007945769000343716
0.007780036999974982
0.00794595900015338
0.007865919999858306
0.00791101400000116
0.007971590999659384
0.00793715700001485
0.007819674000074883
0.007857439999952476
0.00785945300003732
0.007842975000130537
0.007863774999805173
0.007882260999849677
0.0078018340000198805
0.007949327000005724
0.00784990599959201
0.007789134999711678
0.007889014000284078
0.007914178000191896
0.007855513999857067
0.007835539000097924
0.007888429000104225
0.00782121800011737
0.007825841999874683
0.00785575300005803
0.007922920000055456
0.007824028999948496
0.007773406000069372
0.007864015999984986
0.007852329999877838
0.007811056999798893
0.007865768000101525
0.007856884999910108
0.007901886000126979
0.007892631999766309
0.007825494999906368
0.007869731000027969
0.007861563999995269
0.007819467999979679
0.007903550999799336
0.007858983999994962
0.00779587100032586
0.007795388999966235
0.007822969000244484
0.007831939999960014
0.007856623999941803
0.007845699999961653
0.007859521999762364
0.007804079999914393
0.00784818699958123
0.007897544000115886
0.00788698700034729
0.00794999999970969
0.007922896000309265
0.007919892000245454
0.007885048999924038
0.007949402000122063
0.007809618000010232
0.007822974000191607
0.007922854000298685
0.007825173999663093
0.00794410800017431
0.007900543999767251
0.00789569600010509
0.00790624299997944
0.007841157999791903
0.007866618000207382
0.00790965700025481
0.007859201999963261
0.0077971709997655125
0.00789397500011546
0.007820156999969186
0.0077942830002939445
0.007800916999713081
0.007810792000327638
0.007837834999918414
0.007904191000307037
0.007939682000142056
0.008018785000331263
0.007896807999713928
0.00796988699994472
0.008057597000060923
0.007920625999759068
0.007915409999895928
0.007859112999994977
0.007923941000171908
0.007818553000106476
0.00784796500010998
0.007865700999900582
0.007815978000053292
0.007775212000069587
0.007823138999810908
0.007885062999775982
0.007852262999676896
0.007755136000014318
0.007828497999980755
0.007773590000397235
0.007930794000003516
0.007795627000177774
0.007869551999647229
0.0077718699999422824
0.007818508000127622
0.007865483999921707
0.007852618000015354
0.00787599199975375
0.00782881399982216
0.00784478500008845
0.007872502000282111
0.007894040999872232
0.007864317999974446
0.008050420000017766
0.007856784999603406
0.007936533999782114
0.007864849000270624
0.007813255999735702
0.007875428000261309
0.007883889999902749
0.007797216000199114
0.007765122999899177
0.007885634000103892
0.007852893999825028
0.007837909000045329
0.007824891999916872
0.007875712999975804
0.007831300999896484
0.007748342000013508
0.007811686999957601
0.007781608000186679
0.007954501999847707
0.0077158300000519375
0.007858760000090115
0.007822147000297264
0.007790989000113768
0.007917882999663561
0.007905443999788986
0.0078340200002458
0.007854300999952102
0.007890459000009287
0.007892265999998926
0.00792878699985522
0.007824748000075488
0.007840410999961023
0.007911560000138707
0.007930768999813154
0.007840225000109058
0.007888078999712889
0.007883654000124807
0.007774359999984881
0.007831896999960009
0.007900746000359504
0.007904209999651357
0.007836015000066254
0.007832452999991801
0.00783115900003395
0.007850903999951697
0.007871228999647428
0.007936048999908962
0.007931378000193945
0.007898989999830519
0.007875761999912356
0.007910458999958792
0.007924423999611463
0.007874186000208283
0.007882901000357379
0.007855083999857015
0.00789176199987196
0.007887732000199321
0.007871361000070465
0.00786258700009057
0.007767759000216756
0.007817330999841943
0.0077811589999328135
0.007815876999757165
0.007808958000168786
0.007801362000009249
0.007841275000373571
0.007816544999968755
0.00787755199962703
0.007809400000041933
0.007817947000148706
0.0077713760001643095
0.007868977000271116
0.00794734300006894
0.007805711000401061
0.00782919800030868
0.007882044999860227
0.007855164999909903
0.00789742999995724
0.007843033999961335
0.007870367000123224
0.00784571100030007
0.00785786200003713
0.007858854000005522
0.00789993999978833
0.007899221999650763
0.007840529000077368
0.00783140400017146
0.007800545000009151
0.007823378000011871
0.007825148999927478
0.007840064999982133
0.007841684000140958
0.00784171499981312
0.00790748800000074
0.00786294799991083
0.007844367999950919
0.00790601400012747
0.00784934900002554
0.007831309999801306
0.007856171999719663
0.007900572999915312
0.007933292999950936
0.007865376000154356
0.007877534000272135
0.007895490000009886
0.007897929000137083
0.007898990000285266
0.007782450000377139
0.007856173000163835
0.007775314000355138
0.007773414999974193
0.007885474999966391
0.007870763000028091
0.007836424999823066
0.007795950000399898
0.007934680999824195
0.007884500999807642
0.007783702999859088
0.007803172999956587
0.007805595999798243
0.00782264600002236
0.00781457400034924
0.007811804000084521
0.007853895999687666
0.007841508999717917
0.007864005000101315
0.007874142000218853
0.007892608000020118
0.007953571000143711
0.007855662000110897
0.007902551000370295
0.007845244000236562
0.007918349000192393
0.007870808000006946
0.00786703799985844
0.007842491999781487
0.007887336000294454
0.00783407700009775
0.007842952999908448
0.007817410999905405
0.007812329999978829
0.007799007999892638
0.007844412999929773
0.007811675000084506
0.007823204000033002
0.007883939999828726
0.007839791999685986
0.0077417610000338755
0.007767706999857182
0.007855146000110835
0.007802032000199688
0.007909961999757797
0.007845598000130849
0.007873806999668886
0.007948054999815213
0.007911224000054062
0.007840784000109124
0.007895616000041628
0.007851468999888311
0.007817465000243828
0.007947685000090132
0.008006346999991365
0.007910333000381797
0.007906889999958366
0.007845279999855848
0.007814984000106051
0.007872871000017767
0.007854867999867565
0.007828046000213362
0.007869291000133671
0.007862395999836735
0.007826408999790146
0.007864424999752373
0.007860763000280713
0.007962909000070795
0.00785076600004686
0.007930385000236129
0.007859251999889239
0.007887147000019468
0.00781851200008532
0.007860832000005757
0.00788705300010406
0.007919891999790707
0.007851812000353675
0.007889125000019703
0.00785447899988867
0.007880526999997528
0.007854971000142541
0.007860042000174872
0.007846763000088686
0.007843534000130603
0.00786107100020672
0.007843968000088353
0.008229814000060287
0.007895106999967538
0.007831384000382968
0.007822454999768524
0.007849406999866915
0.007807741000306123
0.007894149999629008
0.007900646000052802
0.007849951000025612
0.007821422000233724
0.007862364000175148
0.007772578000185604