0.01866192899979069
0.02087881399984326
0.018512458999794035
0.018808893999903376
0.018996324999989156
0.018758155000341503
0.018638073000147415
0.0184470379999766
0.018415650999941136
0.018617193999943993
0.018444128000282944
0.018685725000068487
0.018552164000084304
0.018557809999947494
0.01861494600007063
0.01865100999975766
0.018621399000039673
0.018824076999862882
0.01858055200000308
0.018685114000163594
0.018618074999722012
0.01846966799985239
0.018583924999802548
0.018478235000202403
0.018608365000091
0.01870947099996556
0.018995895000443852
0.0187077550003778
0.018559325999831344
0.01853042099992308
0.01853306299972246
0.018488212999727693
0.01849550699989777
0.01852439599997524
0.018518190999657236
0.01862520900021991
0.018677366000247275
0.01866681100000278
0.018590929999845685
0.01866581199965367
0.01862702700009322
0.0186208599998281
0.018560506000085297
0.018429534000006242
0.018354027999976097
0.018640408999999636
0.018723995000073046
0.01862183000002915
0.018619712000145228
0.018775016000290634
0.018656889000340016
0.018790752999848337
0.0185407099997974
0.018465448999904766
0.01848967099977017
0.018367955000030634
0.018686982999952306
0.018501584999739862
0.018682208999962313
0.018665554000108386
0.018585560000246915
0.018666993999886472
0.018703551000271545
0.018602744999952847
0.01856260500017015
0.018444382999859954
0.018456639999840263
0.018526437999753398
0.01851264100014305
0.018591338000078395
0.018501807999655284
0.01884933400015143
0.01853393200008213
0.01860828799999581
0.018480441000065184
0.01845882299994628
0.018399320000298758
0.01846238899997843
0.018418107999877975
0.01834944699976404
0.0185507169999255
0.018723215999671083
0.01862234600002921
0.018842281000161165
0.018903294000210735
0.019060155999795825
0.01876710600026854
0.01876214300000356
0.018731592999756685
0.01868937700010065
0.01878616800013333
0.01863687100012612
0.018648987999767996
0.01894450700001471
0.019047821999720327
0.019692544999998063
0.018743612999969628
0.01879267100002835
0.018721066000125575
0.018678092999834917
0.01858910399960223
0.018493047999982082
0.018667543999981717
0.018779036000069027
0.0187861280001016
0.018773835000047256
0.01881146000005174
0.01861463699970045
0.018900775000020076
0.01873716099999001
0.01872771800026385
0.018661532000351144
0.01859420999971917
0.018547850999766524
0.018753794000076596
0.018697987999985344
0.01871329899995544
0.019000170000254002
0.019108900999981415
0.018790823000017554
0.018704098999933194
0.01861490299961588
0.018762799999876734
0.018648682999810262
0.018887458000335755
0.01864273499995761
0.018746987999747944
0.01872068800003035
0.01866745899997113
0.018673327999749745
0.018585349000204587
0.018576584000129515
0.018497241000204667
0.01859716999979355
0.018578491999960534
0.018641817000116134
0.018857317000311014
0.018820586999936495
0.018749724999906903
0.018750507999811816
0.01875853699993968
0.01861823200033541
0.01856456799987427
0.01846060000025318
0.018593465999856562
0.018525555999985954
0.018669117000172264
0.018715916000019206
0.018688687000121718
0.018995541000094818
0.01893049099999189
0.018820588999915344
0.018525266000324336
0.01846374000024298
0.018443433999891568
0.018567428000096697
0.01852452799994353
0.018543957000019873
0.018601022999973793
0.018581573000119533
0.018520818000069994
0.018574913000065862
0.01857091300007596
0.018733574000179942
0.018521475000397913
0.018594623999888427
0.018584669000119902
0.018462467000063043
0.018509597000047506
0.018500357999982953
0.018523344000186626
0.01880542199978663
0.018437288999848533
0.018519946999731474
0.018666587000097934
0.018592314000215993
0.01844825399984984
0.018490676000055828
0.01870786700010285
0.01846949999981007
0.01855702700004258
0.018702713000038784
0.01860307400011152
0.018563176000043313
0.01872681900022144
0.018551268000010168
0.01864580899973589
0.018438899000102538
0.018521628999678796
0.018506498000078864
0.018686290999994526
0.01856788199984294
0.01858940400006759
0.01857272200004445
0.018536236999807443
0.018595242999708717
0.018465528999968228
0.018565610999758064
0.018349250000028405
0.018432804999974906
0.018418444999952044
0.018484699000055116
0.018593847999909485
0.018459700000221346
0.018728645000010147
0.01862123499995505
0.018596602999878087
0.018578969999907713
0.0185845179998978
0.018525218999911885
0.018476175000159856
0.018464116000359354
0.018497135999950842
0.018413824000163004
0.01852541600010227
0.018614755000271543
0.018546456999956717
0.018563981999704993
0.018580875999759883
0.018726144999618555
0.018487849999928585
0.01847114700012753
0.01846849100002146
0.018429916000059166
0.018378975999894465
0.0186455670000214
0.01861866800027201
0.01872447400000965
0.018547898000178975
0.018558074999873497
0.018605901999762864
0.018649391000053583
0.01868258300009984
0.018448596999860456
0.018570546999853832
0.018487401999664144
0.018383677999736392
0.01856815600012851
0.018676338999739528
0.01858279699990817
0.01846592200035957
0.01850127199986673
0.01853685600008248
0.018458400000326947
0.018480975999864313
0.018506907999835676
0.018413395000152377
0.018507712999962678
0.018524149999848305
0.018471370000042953
0.018585101000098803
0.018637524000041594
0.018658497000160423
0.018630889000178286
0.01846861900003205
0.01852467400021851
0.018405099000119662
0.018497193999792216
0.018496566000067105
0.018632903000252554
0.018587288000162516
0.018566445000033127
0.01868662399965615
0.018702687999848422
0.018613611000091623
0.01896869499978493
0.01850336100005734
0.018419786999857024
0.01846339599978819
0.018445374999828346
0.018519099000059214
0.018606672999794682
0.018663943999854382
0.01856633699981103
0.01860954599987963
0.018643246999999974
0.018442018999849097
0.018442026999764494
0.01856373100008568
0.018588602000363608
0.018487297000319813
0.01855063400034851
0.018680460999803472
0.01859638099995209
0.01859556799990969
0.01868130699995163
0.018673281999781466
0.01865989099997023
0.01858949699999357
0.018482479999875068
0.01839502499979062
0.01843261000021812
0.018407454999760375
0.018548852000094485
0.01849393600014082
0.01868792300001587
0.018626745999881678
0.018766325999877154
0.01879533800001809
0.018626422000124876
0.01854446300012569
0.01861827800030369
0.018582713999876432
0.018534385999828373
0.01847181700031797
0.018643977000010636
0.01873113800002102
0.01932933999978559
0.023467019999770855
0.02303861299969867
0.021863803999622178
0.01936432899992724
0.018486728999960178
0.018469590000222524
0.018496358999982476
0.01859604599985687
0.01866976200017234
0.018531912000071316
0.01849899999979243
0.018550688999766862
0.018520691999583505
0.01841134400001465
0.018434115999752976
0.01848646700000245
0.01843469899995398
0.018524562000038713
0.01851181300025928
0.01852775899988046
0.018614869999964867
0.018657873999927688
0.018526119999933144
0.018564227999831928
0.01864994600009595
0.018536142999892036
0.0184633680000843
0.018440282000028674
0.01837282700034848
0.01855026099974566
0.018599512000037066
0.01857998100012992
0.0185118300000795
0.018515296999794373
0.01858886700028961
0.018561038999905577
0.0184861370003091
0.018506075000004785
0.018457868000041344
0.01849662900031035
0.018593453999983467
0.018597474999751284
0.0185288060001767
0.018663063000076363
0.018598698000005243
0.018631589000051463
0.01851380300013261
0.01850707700032217
0.018636446000073192
0.01842077099991002
0.018529378000039287
0.018543171999681363
0.01852056400002766
0.018700221000017336
0.018628589000400098
0.020322471000326914
0.018604496000079962
0.018429628999911074
0.018526658000155294
0.018391591999716184
0.01845456599994577
0.018471216000307322
0.01840770299986616
0.018450447999839525
0.01845593399957579
0.01858525399984501
0.01855094199981977
0.018444025999997393
0.01845445600019957
0.018490023000140354
0.018541990999892732
0.01838711299978968
0.01849207799978103
0.018592657999761286
0.018544747999840183
0.018652646000191453
0.018534072999955242
0.0187739039997723
0.018552436999925703
0.018450581000251987
0.018433610000101908
0.01836711300029492
0.018414855000173702
0.018436949000260938
0.0186427570001797
0.01853863199994521
0.018707207999796083
0.01858172599986574
0.018548868999914703
0.018543631000284222
0.0185664480000014
0.01836779999985083
0.018417730000237498
0.018553898999925877
0.01848443299968494
0.01880878300016775
0.018607161999625532
0.01862872800029436
0.01938395099978152
0.019147941000028368
0.018860010000025795
0.01848761800010834
0.018335581000428647
0.018399836999833497
0.01848093800026618
0.018475760999990598
0.018482330000097136
0.018626277999828744
0.01853094600028271
0.01858966400004647
0.018496004999633442
0.018489120000140247
0.018527417999848694
0.018561649000275793
0.01854204600022058
0.018448196000008465
0.018435345999932906
0.018427882000196405
0.018491817000267474
0.018578232999971078
0.018611633000091388
0.018549929000073462
0.018625925999913306
0.018610225999964314
0.018698835000122926
0.01858421899987661
0.01842311000018526
0.01852425900005983
0.018428828999731195
0.018515455999931874
0.018554775999746198
0.018693393999910768
0.018507541999952082
0.01869282600000588
0.018526107000070624
0.018576892000055523
0.018517610999879253
0.018473480000011477
0.0184553130002314
0.018559318999905372
0.018616328000007343
0.018548271999861754
0.018581418999929156
0.0186007439997411
0.018660329999875103
0.018611913999848184
0.018513644999984535
0.018582749999950465
0.018487921000087226
0.018369770999925095
0.01847146000000066
0.018543255000167846
0.01846623199980968
0.018516365999857953
0.018533870999817736
0.018605999000101292
0.01856365999992704
0.01856781399965257
0.018409336999866355
0.018479638999906456
0.01845007199972315
0.018345552000027965
0.018521443999816256
0.01872726600004171
0.01859777200024837
0.018649634000212245
0.018506878000152938
0.018425072000354703
0.018574503999843728
0.018517638000048464
0.0185232389999328
0.018385870999736653
0.018492908000098396
0.018418272000417346
0.018457884999861562
0.01851746700003787
0.018591009999909147
0.018500276999930065
0.018568949000382418
0.01866381099989667
0.018578184999569203
0.018588812999951188
0.01853607999964879
0.018539980000241485
0.018355897000219557
0.018605272000058903
0.01860518699959357
0.018479686999853584
0.018585992999760492
0.018541860000368615
0.018561521000265202
0.018647311000222544