0.018520639000144
0.01823594100005721
0.01840765699989788
0.018455639999956475
0.018438294000134192
0.018349084999954357
0.018400154000119073
0.018368448999808606
0.018438586000229407
0.018389186000149493
0.01837096000008387
0.018328060999920126
0.018633037000199693
0.018501936000120622
0.018504487000427616
0.018477686000096583
0.018515156999910687
0.018388456999673508
0.01841534799996225
0.018581548999918596
0.018381580999630387
0.018529617999774928
0.01850965899984658
0.01825297799996406
0.018474659999810683
0.018500203000257898
0.01868784999987838
0.018363150999903155
0.01852989899998647
0.01848690799988617
0.01833280599976206
0.018371182000009867
0.018292205999841826
0.018271994999849994
0.018348590999721637
0.01833263900016391
0.01855868399979954
0.018471393000254466
0.018579811000108748
0.018448860999797034
0.018346343000303023
0.01848511900016092
0.01825347000021793
0.018318394000289118
0.018325415000163048
0.018279359999723965
0.018466335000084655
0.018484197999896423
0.018488900999727775
0.01853279700026178
0.018512243000259332
0.01832375599997249
0.018605958000080136
0.01841327400006776
0.018385879000106797
0.01842348399986804
0.018276624999998603
0.018490277999717364
0.01850017500009926
0.018561804000000848
0.01861796899993351
0.018589027999951213
0.018419331000131933
0.01879174499981673
0.018322987999908946
0.01831158899994989
0.018351016999986314
0.018473729000106687
0.018258632000197395
0.01830120100021304
0.018391541999790206
0.01850403499975073
0.018361823999839544
0.018505823999930726
0.018563538000307744
0.018375995000042167
0.01833976799980519
0.018356991000018752
0.018386756000381865
0.018341179999879387
0.01843664499983788
0.018426757999804977
0.018392932000097062
0.018500264000067546
0.018623105000187934
0.018527251000250544
0.018543687000146747
0.018554673999915394
0.018372957999872597
0.018440398999700847
0.018260150000060094
0.018353322000166372
0.01823583299983511
0.01832428699981392
0.018338373999995383
0.018451308999829052
0.018370548999882885
0.018582154999876366
0.018569204999948852
0.01856484400013869
0.0184006929998759
0.018309630999738147
0.018298878999758017
0.018243862999952398
0.01834063000023889
0.018313129000034678
0.018436096000186808
0.018558422999831237
0.018478034000054322
0.018372800999713945
0.018420036999941658
0.018429608000133157
0.018395011000393424
0.018529561999912403
0.018272663000061584
0.01841980000017429
0.01839282099990669
0.01873318600019047
0.018574966999949538
0.01856634599971585
0.01847333699970477
0.0185222119998798
0.01864672600004269
0.01851757299982637
0.018378541999936715
0.018307164999896486
0.018438466000134213
0.018383825999990222
0.018683031999898958
0.018358253999849694
0.018597828000110894
0.018596052000248164
0.018469421000190778
0.018642644000010478
0.018415847000142094
0.018210473000181082
0.018312872000024072
0.018271491999712453
0.018535404999965976
0.018283121000422398
0.018343709999953717
0.018450169000061578
0.018405679000352393
0.01848770499964303
0.018480896999790275
0.018391948000044067
0.01823866699987775
0.018310037999981432
0.018306948999907036
0.018344096999953763
0.018364580000252317
0.018338553000376123
0.018434339999657823
0.01846043000023201
0.018435031999615603
0.018472385999757535
0.01834278499973152
0.018365439000262995
0.018374367999967944
0.018439329999637266
0.018190263999713352
0.018418532999930903
0.018309277999833284
0.018392543000118167
0.01839403600024525
0.018532356999912736
0.01836339199962822
0.018580042000394315
0.01850745100000495
0.018491290000383742
0.01849415400010912
0.01850943699992058
0.018522500000017317
0.018518500000027416
0.018653537999853143
0.018823710000106075
0.018448721999902773
0.018504091000068
0.018546583999977884
0.018285252999703516
0.01851972799977375
0.018311700000140263
0.018414380999729474
0.01837714400016921
0.018588820999866584
0.01880019500003982
0.018723012000009476
0.018630631000178255
0.01864918100000068
0.018631911000284163
0.018388307999885
0.018487152000034257
0.018346524000207864
0.018645999999989726
0.01870751599972209
0.018561200000021927
0.01870103500004916
0.018659636999927898
0.018886235000081797
0.018759027999749378
0.018801622000410134
0.018844425000224874
0.01865540000017063
0.018816246000369574
0.018677555000067514
0.01854715199988277
0.018438959999912186
0.01856955800030846
0.018657424000139144
0.01861114399980579
0.018799204000060854
0.018611159000101907
0.018490639999981795
0.018423218999942037
0.018484350000107952
0.0183184379998238
0.018342290999953548
0.018529244999626826
0.01858435600024677
0.01846886400016956
0.018387461999736843
0.01836079700024129
0.01842753500022809
0.01835589899974366
0.018655052999747568
0.01884230999985448
0.018536872999902698
0.018396068000129162
0.018358684000304493
0.018771833999835508
0.01864766500011683
0.018507156000396208
0.018414097000004404
0.01853212900005019
0.018335338000269985
0.018376685000021098
0.018375864000063302
0.01841249200015227
0.01837091600009444
0.018178609000187862
0.018626180999945063
0.018512643000121898
0.018419438999899285
0.01849466299972846
0.01861869900039892
0.018371169000147347
0.018423593000079563
0.01830130400003327
0.018319740000151796
0.018319457999950828
0.018376646999968216
0.018598161999761942
0.018305906000023242
0.018522035999922082
0.018754106999949727
0.018418943000142463
0.018420555999909993
0.018547952999597328
0.01834373899964703
0.01835099900017667
0.018568475999927614
0.018481031999726838
0.018548653999914677
0.018596086000343348
0.018627446000209602
0.01859257600017372
0.018429820999699587
0.018399606000002677
0.018439604999912262
0.018357779999860213
0.018397325000023557
0.018384912999863445
0.018305537999822263
0.018319377999887365
0.018455753000125696
0.018464277000020957
0.01834275000010166
0.018348550999689905
0.01844175099995482
0.018446148999828438
0.018481835999864415
0.018385328000022128
0.018367735000083485
0.01836162300014621
0.018379606000053172
0.018396534999737923
0.018576135999865073
0.018523406999975123
0.018376355999862426
0.018375430000105553
0.018378192000000126
0.01840312600006655
0.018416816999888397
0.018373214999883203
0.018388387999948463
0.018389587000001484
0.018376860999978817
0.01832671100009975
0.01849789800007784
0.018409904999771243
0.01848107300020274
0.018586187999972026
0.018551387000115938
0.018421913999645767
0.018484208999780094
0.01829281300024377
0.018389563000255293
0.018500776999644586
0.018431851000059396
0.018453611000040837
0.018408040999929653
0.018492312000034872
0.018381964000127482
0.018423626000185322
0.0184593130002213
0.01826812399986011
0.018272203999913472
0.018287207999946986
0.01849939900012032
0.018373222000263922
0.018332552000174474
0.018423543000153586
0.018355168999732996
0.01850272399997266
0.01863727900035883
0.018373909999809257
0.018313128000045253
0.018237644999771874
0.018375528999968083
0.018570490999991307
0.01841959500006851
0.01857382800017149
0.018412296999940736
0.01861115500014421
0.018536544000198774
0.018404677000035008
0.01832347799972922
0.018380687000444595
0.018318635000014183
0.01825301100006982
0.01834145599968906
0.0184029649999502
0.01843318700002783
0.018477818000064872
0.01847319900025468
0.01859895500001585
0.018417689000216342
0.018371494999882998
0.018423875000280532
0.01846508399967206
0.018446806999691034
0.018289062000349077
0.01834494100012307
0.018309045000023616
0.01839424699983283
0.018443283999658888
0.01844584099990243
0.018352366000272013
0.018333471000005375
0.018303931999980705
0.018257316000017454
0.018337420000079874
0.01831630300011966
0.018522771999869292
0.01830776099996001
0.018446612999923673
0.01850785399983579
0.018396947999917757
0.01851261899992096
0.018281828999988647
0.018466769000042405
0.018517946999963897
0.018260524999732297
0.01820882000038182
0.018327846999909525
0.01848721199985448
0.018493103999844607
0.01846186000011585
0.018452275000072405
0.018583678000140935
0.018515611000111676
0.01833196500001577
0.018493296999622544
0.018289841000296292
0.01841267300005711
0.018316293000225414
0.018373928000073647
0.018680247999782296
0.01846625000007407
0.01840978400014137
0.018606468999678327
0.018379680000180088
0.01831453299973873
0.018336258999624988
0.01850516800004698
0.018436001999816654
0.01838768900006471
0.018397939999886148
0.018425836000005802
0.018386853000265546
0.018451526999797352
0.018329961999825173
0.0186128519999329
0.018365265999818803
0.018265592000261677
0.018227466000098502
0.01834290700026031
0.01826494900024045
0.01864301700015858
0.01912665999998353
0.019959416999881796
0.01886846700017486
0.01898096400009308
0.019173434000094858
0.01847527700010687
0.018239259999973
0.018528684999637335
0.018291327000042656
0.01826459799985969
0.01833306900016396
0.018348929999774555
0.018431828999837307
0.01834925999992265
0.018483373999970354
0.01828667699965081
0.018363039000178105
0.018352150000282563
0.018265152999902057
0.018472434999694087
0.018277628000305413
0.018226366999897436
0.018270628999744076
0.018371762000242597
0.018505777999962447
0.018320457999834616
0.01841614999966623
0.018347145999996428
0.01834485500012306
0.01835532100039927
0.018411529999866616
0.01833631899989996
0.01836363500024163
0.018328551000195148
0.018485929000235046
0.018459637999967526
0.018699815000218223
0.018424627000058535
0.01837244499984081
0.018340105000334006
0.018355035000240605
0.018333534999783296
0.018324740000025486
0.018378343999756908
0.01845468500005154
0.018527078999795776
0.01859213700026885
0.01838017199997921
0.018456687000252714
0.018423120000079507
0.01841585500005749
0.0183459119998588
0.018341618000249582
0.01839594200009742
0.01842116799980431
0.018497922000278777
0.01842256500003714
0.01849506099961218
0.018472720000318077
0.01857318900010796
0.018475716000011744
0.01830591199995979
0.0183525060001557
0.018339026999910857
0.018298525999853155
0.018295594999926834
0.018235556000036013
0.018325258000004396
0.0184853790001398
0.01843495000002804
0.01835391700024047
0.018629343999691628
0.01844000999972195
0.018310327000108373
0.01844139400009226
0.018486901999949623
0.018358989000262227
0.018305280999811657
0.018290687999979127
0.01842285000020638
0.018437103999985993
0.018493272999876353
0.01841128000023673
0.0185653660000753
0.018549315000200295
0.01858201699997153
0.018497801999728836
0.018363993000093615
0.01833764599996357
0.018493734000003315
0.018699928999922122