0.0076968029998170095
0.007729906999884406
0.007767475000036939
0.007618637999712519
0.007779199999731645
0.007662413999696582
0.007762827000078687
0.007804777999808721
0.008039557000302011
0.007729875999757496
0.007883796999976767
0.007813512000211631
0.007749090999823238
0.0077419489998646895
0.007745317000171781
0.0076897160001863085
0.007663316000162013
0.007736099999874568
0.007724339000105829
0.007689826999921934
0.007777470000291942
0.007675466999899072
0.00767978400017455
0.007665213000109361
0.007666694999898027
0.007711013000061939
0.007717845000115631
0.007803842000157601
0.007696437000049627
0.007754772999760462
0.007732480999948166
0.007756508000056783
0.007769164999899658
0.007750978999865765
0.007800298000347539
0.007757356999718468
0.0077023320000080275
0.007701371000166546
0.007758672999898408
0.007745567000256415
0.007738188000075752
0.007724160000179836
0.00773968400017111
0.00771092500008308
0.00767636999989918
0.00766568000017287
0.007719096000073478
0.007702057999722456
0.007767019999846525
0.00772880200020154
0.007701022999754059
0.007777133000217873
0.00768793600036588
0.007684406999942439
0.0077577330002895906
0.007687032999911025
0.007761642000332358
0.007723030999841285
0.00775671900009911
0.007747592999749031
0.007701822999933938
0.007702222999796504
0.007848255000226345
0.007751117999760027
0.007674220999888348
0.0076539299998330534
0.007713807000072848
0.0077271059999475256
0.007649591000244982
0.007752517999961128
0.007716057999914483
0.007689713999752712
0.007682723000016267
0.007670218999919598
0.00776807700003701
0.0076796949997515185
0.007718819999809057
0.007660515999759809
0.007792002000314824
0.007757384999877104
0.0077036930001668225
0.007846620999771403
0.007738889999927778
0.007841612999982317
0.00771923299998889
0.00782436300005429
0.007653408999885869
0.007721877000221866
0.007737223999811249
0.0077493339999819
0.007801033999840001
0.0078122240001903265
0.007727896999767836
0.007763836999856721
0.007827946999896085
0.00766712600034225
0.007681764000153635
0.007715615000051912
0.007734059000085836
0.007726359999651322
0.0076786380000157806
0.007700671000293369
0.007661687999643618
0.007716687000083766
0.007732811000096262
0.0077520260001620045
0.00771078200023112
0.007723434999661549
0.00773726599982183
0.00771990100020048
0.007701687000007951
0.00769724799965843
0.007723669999904814
0.007716832999904
0.0076926940000703325
0.007805832000030932
0.0077819459997954255
0.007703346999733185
0.007737878999705572
0.007757601999855979
0.007660133000172209
0.007684455000344315
0.007627941000009741
0.0077029049998600385
0.007703993000177434
0.007711834000019735
0.007698568999785493
0.00765265299969542
0.0077514929998869775
0.007717576000231929
0.007697152000218921
0.007720750000316912
0.007694071000059921
0.007714112000030582
0.007723152999915328
0.0077559950000249955
0.007829723000213562
0.0077349019998109725
0.007836740000129794
0.007815422000021499
0.007760950999909255
0.007747017999918171
0.007764896000026056
0.0076757789997827786
0.007767126000089775
0.007755035999707616
0.007740044999991369
0.007733236000149191
0.00771993799980919
0.007666724000046088
0.007648555999821838
0.0076994740002191975
0.00774382899999182
0.0077002660000289325
0.007850557999972807
0.007698763000007602
0.007858508000026632
0.007689318999837269
0.007672200999877532
0.007693240000207879
0.007717200999650231
0.007730115000413207
0.0077287849999265745
0.007678414999645611
0.007762506999824836
0.007715429000199947
0.007702391999828251
0.007682831000238366
0.007710569000209944
0.007720330000211106
0.007823825999821565
0.007691531000091345
0.007776616000228387
0.007792946000336087
0.007716249000168318
0.007663402000162023
0.007736664000276505
0.007772649999878922
0.007774081000206934
0.007785208999848692
0.00773214300033942
0.007730994000212377
0.007663793000119767
0.0077154810001047736
0.007765392999772303
0.00783478900029877
0.007790032999764662
0.0078014800001255935
0.007773299000291445
0.007712083000114944
0.007757655999739654
0.007651093999811565
0.007758632000332
0.007743835999917792
0.007709398999850237
0.007704503000240948
0.007794469000145909
0.007684587000312604
0.007755308000014338
0.007696226999996725
0.007721178999872791
0.007800481999765907
0.0077228439999998955
0.007727925000381219
0.007701289000124234
0.0077097989997128025
0.007710823999786953
0.007668073000331788
0.007788351000272087
0.007663587000024563
0.007693467000081
0.007738171000255534
0.007774039000196353
0.007721259999925678
0.0076585769998018804
0.007777843999974721
0.007795846000135498
0.007781819000229007
0.007694484999774431
0.007780737000302906
0.007798689000082959
0.007690362999710487
0.007722747000116215
0.007686182999805169
0.007780260999879829
0.00765927600014038
0.00778390200002832
0.007752783999876556
0.007722148000084417
0.0077545789999931
0.007666998999866337
0.007725261999894428
0.00768466499994247
0.007606519000091794
0.0076700730000993644
0.007653512999695522
0.007727947999683238
0.007706313000198861
0.007693419000133872
0.007624001999829488
0.007755070999792224
0.007743597000171576
0.00771089900035804
0.007716564000020298
0.007786355000007461
0.007688911000059306
0.007716203000200039
0.007675265000216314
0.007723468000222056
0.007750390999717638
0.0076865539999744215
0.007781482000154938
0.0077578289997290995
0.007729531999757455
0.007720416000211117
0.0077648970000154804
0.007715742999607755
0.0077086890000828134
0.007664539999950648
0.007759594999697583
0.0076822989999527636
0.007770074999825738
0.007694815000377275
0.007615216999965924
0.007657305000066117
0.007751718999770674
0.007741593999980978
0.00777780199996414
0.007757642999877135
0.007827226999779668
0.007759569999961968
0.0077125180000621185
0.007707678999850032
0.007779379000112385
0.007742906999737897
0.007724410999799147
0.0077019929999551096
0.007739266000044154
0.007771835999847099
0.00772668599984172
0.007749557999886747
0.007751807999738958
0.007688645000143879
0.007733952000307909
0.007730673999958526
0.0076857509998262685
0.007724633000179892
0.007727358000011009
0.00767765499995221
0.007629022999935842
0.007732274999852962
0.007691056999647117
0.007681562000016129
0.007713686999977654
0.007733037999969383
0.007752922999770817
0.007698696000261407
0.007737310999800684
0.007705752000219945
0.007729462000042986
0.007700377000219305
0.007718831999682152
0.007683204999921145
0.007719174000158091
0.0076715959999091865
0.007798214000104053
0.007786835999922914
0.007589836000079231
0.007695835000049556
0.007719249000274431
0.007681713000238233
0.007655947000330343
0.00768160200004786
0.007695432999753393
0.007725615000254038
0.007640809999884368
0.0076614989998233796
0.0077712019997306925
0.007659242000045197
0.007703299000240804
0.007742096999663772
0.007831910000277276
0.007655175999843777
0.007680340000206343
0.007719726999766863
0.007719114999872545
0.007739742000012484
0.007765020000078948
0.007814061999852129
0.007810467000126664
0.007792857000367803
0.007743260000097507
0.007770847000301728
0.007680063999941922
0.007687541999985115
0.007670691999919654
0.007674812999994174
0.007664639999802603
0.00770885800011456
0.0077359669999168545
0.007721814999968046
0.007711559000199486
0.007687519000228349
0.007661727000140672
0.007670648999919649
0.0076906429999326065
0.007745762000013201
0.0076424630001383775
0.007756558999972185
0.007711469999776455
0.0077058100000613194
0.00770822100002988
0.007751371999802359
0.007735011000022496
0.007717787999808934
0.0076950249999754305
0.007713920000242069
0.007690024000112317
0.007699050999690371
0.007678184999804216
0.007729750000180502
0.007717947999935859
0.00769467399959467
0.007721231000232365
0.00766109599999254
0.0077132900000833615
0.007649566999589297
0.00772802999972555
0.007635176999883697
0.007630905000041821
0.007660647000193421
0.007678632000079233
0.007772568999826035
0.007734721999895555
0.007697823000398785
0.007727424999757204
0.007748178999918309
0.007647591000022658
0.007790756999838777
0.007717419999607955
0.007778591000260349
0.007700885999838647
0.007744578999790974
0.007673725000131526
0.007704727000145795
0.007704753999860259
0.0077241740000317805
0.00770707699984996
0.007699228999626939
0.007760532999782299
0.0077355439998427755
0.007705362999786303
0.007704489000389003
0.007663010000214854
0.007613033999859908
0.007700566000039544
0.007628457000009803
0.007690146999721037
0.007963176999965071
0.007744475999970746
0.0076667000002998975
0.007706625000082568
0.00775330499982374
0.007734520999747474
0.007747272000415251
0.007700606999605952
0.007864732000143704
0.007752690999950573
0.007722531999661442
0.007709160000104021
0.007755536999866308
0.007714056000168057
0.007691869000154838
0.007781281999996281
0.007741630999589688
0.007733710999673349
0.00772482399997898
0.007719603000168718
0.007709840999723383
0.007748704999812617
0.007667580000088492
0.007705799999712326
0.007725849999587808
0.007635983000000124
0.007714296999893122
0.007677160000184813
0.007659768999928929
0.007665071000246826
0.007784375000028376
0.007732033999673149
0.0077234020000105374
0.007662002999950346
0.007728178999968804
0.007772371000100975
0.007743799000309082
0.007780547000038496
0.007797657000082836
0.007705427000018972
0.007715853000263451
0.0076847300001645635
0.007676233999973192
0.0076833359999000095
0.007756967000204895
0.00770198000009259
0.007682580999698985
0.007648531000086223
0.007643831999757822
0.007694263999837858
0.007677091999994445
0.007727516000159085
0.007650824999927863
0.007679199999984121
0.007684920999963651
0.007732143999874097
0.007784200000060082
0.007687413999974524
0.007720589000200562
0.0077713119999316405
0.007710104999659961
0.007687314000122569
0.007719064999946568
0.007692259999657836
0.007740792000276997
0.0077558730004057
0.007751215000098455
0.007701965999785898
0.007718867999756185
0.007717117000083817
0.007690019999699871
0.00780069700022068
0.007634250000137399
0.007732554000085656
0.007680898999751662
0.007709372000135772
0.007588648000364628
0.007750560000204132
0.007718064000073355
0.007720524999967893
0.007688785000027565
0.0077674320000369335
0.007809186000031332
0.007759713000268675
0.007746795999992173
0.007729169999947771
0.007685698999921442
0.007731724000223039
0.007751909000035084
0.007776658000238967
0.007707949000177905
0.007757991000289621
0.007688822000091022
0.0076941390002502885
0.007748309999897174
0.007717342999967514
0.007697073000144883
0.007766862000153196
0.007775480999953288
0.007698438999796053
0.007682243000090239
0.007719707000433118